# 84cd05c7-5485-44b4-b039-32ac445e607c
# da39a3ee5e6b4b0d3255bfef95601890afd80709
# s_m; x_m; y_m; psi_rad; kappa_radpm; vx_mps; ax_mps2
0.0000000; 0.0049846; -0.0152175; 1.6536640; 0.0000658; 11.9999988; 0.0000070
0.1999206; -0.1942231; -0.0317646; 1.6536774; 0.0000684; 11.9999989; 0.0000070
0.3998413; -0.3934390; -0.0483152; 1.6536913; 0.0000709; 11.9999990; 0.0000070
0.5997619; -0.5926630; -0.0648692; 1.6537058; 0.0000735; 11.9999991; 0.0000070
0.7996826; -0.7918949; -0.0814269; 1.6537207; 0.0000761; 11.9999992; 0.0000070
0.9996032; -0.9911346; -0.0979882; 1.6537362; 0.0000786; 11.9999993; 0.0000070
1.1995239; -1.1903820; -0.1145534; 1.6537522; 0.0000812; 11.9999994; 0.0000070
1.3994445; -1.3896369; -0.1311224; 1.6537687; 0.0000838; 11.9999996; 0.0000037
1.5993652; -1.5888727; -0.1476932; 1.6537857; 0.0000866; 11.9999996; 0.0000000
1.7992858; -1.7880850; -0.1642655; 1.6538033; 0.0000896; 11.9999996; 0.0000000
1.9992065; -1.9873044; -0.1808420; 1.6538215; 0.0000927; 11.9999996; 0.0000000
2.1991271; -2.1865308; -0.1974228; 1.6538403; 0.0000957; 11.9999996; 0.0000000
2.3990478; -2.3857640; -0.2140080; 1.6538598; 0.0000988; 11.9999996; 0.0000000
2.5989684; -2.5850039; -0.2305977; 1.6538799; 0.0001019; 11.9999996; 0.0000000
2.7988891; -2.7842504; -0.2471921; 1.6539005; 0.0001049; 11.9999996; 0.0000000
2.9988097; -2.9835032; -0.2637912; 1.6539218; 0.0001080; 11.9999996; 0.0000000
3.1987304; -3.1827163; -0.2803913; 1.6539435; 0.0001086; 11.9999996; 0.0000000
3.3986510; -3.3819318; -0.2969960; 1.6539652; 0.0001089; 11.9999996; 0.0000000
3.5985717; -3.5811533; -0.3136055; 1.6539870; 0.0001093; 11.9999996; 0.0000000
3.7984923; -3.7803806; -0.3302199; 1.6540089; 0.0001096; 11.9999996; 0.0000000
3.9984130; -3.9796136; -0.3468391; 1.6540309; 0.0001100; 11.9999996; 0.0000000
4.1983336; -4.1788521; -0.3634633; 1.6540529; 0.0001103; 11.9999996; 0.0000000
4.3982543; -4.3780960; -0.3800923; 1.6540750; 0.0001107; 11.9999996; 0.0000000
4.5981749; -4.5773291; -0.3967248; 1.6540971; 0.0001102; 11.9999996; 0.0000000
4.7980956; -4.7765415; -0.4133601; 1.6541190; 0.0001085; 11.9999996; 0.0000000
4.9980162; -4.9757590; -0.4300001; 1.6541405; 0.0001068; 11.9999996; 0.0000000
5.1979369; -5.1749813; -0.4466448; 1.6541616; 0.0001050; 11.9999996; 0.0000000
5.3978575; -5.3742084; -0.4632941; 1.6541825; 0.0001033; 11.9999996; 0.0000000
5.5977782; -5.5734401; -0.4799479; 1.6542030; 0.0001016; 11.9999996; 0.0000000
5.7976988; -5.7726762; -0.4966062; 1.6542231; 0.0000999; 11.9999996; 0.0000000
5.9976195; -5.9719168; -0.5132688; 1.6542429; 0.0000981; 11.9999996; 0.0000000
6.1975401; -6.1711327; -0.5299334; 1.6542623; 0.0000957; 11.9999996; 0.0000000
6.3974608; -6.3703474; -0.5466016; 1.6542811; 0.0000931; 11.9999996; 0.0000000
6.5973814; -6.5695660; -0.5632740; 1.6542995; 0.0000905; 11.9999996; 0.0000000
6.7973021; -6.7687885; -0.5799502; 1.6543173; 0.0000879; 11.9999996; 0.0000000
6.9972227; -6.9680147; -0.5966304; 1.6543346; 0.0000853; 11.9999996; 0.0000000
7.1971434; -7.1672445; -0.6133142; 1.6543514; 0.0000827; 11.9999996; 0.0000000
7.3970640; -7.3664777; -0.6300016; 1.6543677; 0.0000801; 11.9999996; 0.0000000
7.5969847; -7.5657063; -0.6466919; 1.6543835; 0.0000775; 11.9999996; 0.0000000
7.7969053; -7.7649197; -0.6633840; 1.6543987; 0.0000748; 11.9999996; 0.0000000
7.9968260; -7.9641362; -0.6800794; 1.6544134; 0.0000721; 11.9999996; 0.0000000
8.1967466; -8.1633556; -0.6967779; 1.6544275; 0.0000694; 11.9999996; 0.0000000
8.3966672; -8.3625778; -0.7134794; 1.6544411; 0.0000667; 11.9999996; 0.0000000
8.5965879; -8.5618027; -0.7301838; 1.6544541; 0.0000640; 11.9999996; 0.0000000
8.7965085; -8.7610302; -0.7468910; 1.6544667; 0.0000613; 11.9999996; 0.0000000
8.9964292; -8.9602600; -0.7636008; 1.6544786; 0.0000585; 11.9999996; 0.0000000
9.1963498; -9.1594781; -0.7803120; 1.6544901; 0.0000561; 11.9999996; 0.0000000
9.3962705; -9.3586939; -0.7970253; 1.6545011; 0.0000536; 11.9999996; 0.0000000
9.5961911; -9.5579117; -0.8137409; 1.6545115; 0.0000512; 11.9999996; 0.0000000
9.7961118; -9.7571314; -0.8304587; 1.6545215; 0.0000488; 11.9999996; 0.0000000
9.9960324; -9.9563529; -0.8471786; 1.6545310; 0.0000464; 11.9999996; 0.0000000
10.1959531; -10.1555761; -0.8639005; 1.6545401; 0.0000440; 11.9999996; 0.0000000
10.3958737; -10.3548008; -0.8806243; 1.6545486; 0.0000415; 11.9999996; 0.0000000
10.5957944; -10.5540246; -0.8973497; 1.6545567; 0.0000392; 11.9999996; -0.0000000
10.7957150; -10.7532412; -0.9140760; 1.6545643; 0.0000372; 11.9999996; -0.0000000
10.9956357; -10.9524589; -0.9308040; 1.6545716; 0.0000352; 11.9999996; -0.0000000
11.1955563; -11.1516776; -0.9475334; 1.6545784; 0.0000332; 11.9999996; -0.0000000
11.3954770; -11.3508972; -0.9642643; 1.6545848; 0.0000311; 11.9999996; -0.0000000
11.5953976; -11.5501176; -0.9809964; 1.6545908; 0.0000291; 11.9999996; -0.0000000
11.7953183; -11.7493385; -0.9977298; 1.6545965; 0.0000271; 11.9999996; -0.0000000
11.9952389; -11.9485600; -1.0144643; 1.6546017; 0.0000251; 11.9999996; -0.0000000
12.1951596; -12.1477798; -1.0311997; 1.6546065; 0.0000233; 11.9999996; -0.0000000
12.3950802; -12.3469988; -1.0479359; 1.6546110; 0.0000216; 11.9999996; -0.0000000
12.5950009; -12.5462180; -1.0646731; 1.6546151; 0.0000199; 11.9999996; -0.0000000
12.7949215; -12.7454371; -1.0814110; 1.6546190; 0.0000182; 11.9999996; -0.0000000
12.9948422; -12.9446560; -1.0981496; 1.6546224; 0.0000165; 11.9999996; -0.0000000
13.1947628; -13.1438747; -1.1148889; 1.6546255; 0.0000148; 11.9999996; -0.0000000
13.3946835; -13.3430929; -1.1316287; 1.6546283; 0.0000131; 11.9999996; -0.0000000
13.5946041; -13.5423112; -1.1483690; 1.6546308; 0.0000114; 11.9999996; -0.0000000
13.7945248; -13.7415329; -1.1651101; 1.6546329; 0.0000098; 11.9999996; -0.0000000
13.9944454; -13.9407538; -1.1818516; 1.6546347; 0.0000082; 11.9999996; -0.0000000
14.1943661; -14.1399738; -1.1985932; 1.6546362; 0.0000067; 11.9999996; -0.0000000
14.3942867; -14.3391927; -1.2153351; 1.6546374; 0.0000051; 11.9999996; -0.0000000
14.5942074; -14.5384104; -1.2320771; 1.6546382; 0.0000035; 11.9999996; -0.0000000
14.7941280; -14.7376267; -1.2488190; 1.6546388; 0.0000019; 11.9999996; -0.0000000
14.9940487; -14.9368417; -1.2655610; 1.6546390; 0.0000003; 11.9999996; -0.0000000
15.1939693; -15.1360622; -1.2823034; 1.6546389; -0.0000014; 11.9999996; -0.0000000
15.3938900; -15.3352861; -1.2990461; 1.6546384; -0.0000031; 11.9999996; -0.0000000
15.5938106; -15.5345083; -1.3157884; 1.6546377; -0.0000048; 11.9999996; -0.0000000
15.7937313; -15.7337285; -1.3325305; 1.6546365; -0.0000066; 11.9999996; -0.0000000
15.9936519; -15.9329465; -1.3492720; 1.6546350; -0.0000083; 11.9999996; -0.0000000
16.1935725; -16.1321624; -1.3660131; 1.6546332; -0.0000101; 11.9999996; -0.0000000
16.3934932; -16.3313759; -1.3827536; 1.6546310; -0.0000118; 11.9999996; -0.0000000
16.5934138; -16.5305876; -1.3994934; 1.6546284; -0.0000136; 11.9999996; -0.0000000
16.7933345; -16.7298160; -1.4162341; 1.6546255; -0.0000158; 11.9999996; -0.0000000
16.9932551; -16.9290417; -1.4329739; 1.6546221; -0.0000180; 11.9999996; -0.0000000
17.1931758; -17.1282645; -1.4497128; 1.6546183; -0.0000201; 11.9999996; -0.0000000
17.3930964; -17.3274843; -1.4664506; 1.6546141; -0.0000223; 11.9999996; -0.0000000
17.5930171; -17.5267010; -1.4831872; 1.6546094; -0.0000245; 11.9999996; -0.0000000
17.7929377; -17.7259144; -1.4999226; 1.6546043; -0.0000267; 11.9999996; -0.0000000
17.9928584; -17.9251246; -1.5166567; 1.6545987; -0.0000289; 11.9999996; -0.0000000
18.1927790; -18.1243447; -1.5333904; 1.6545927; -0.0000314; 11.9999996; -0.0000000
18.3926997; -18.3235752; -1.5501237; 1.6545861; -0.0000343; 11.9999996; -0.0000000
18.5926203; -18.5228020; -1.5668554; 1.6545790; -0.0000371; 11.9999996; -0.0000000
18.7925410; -18.7220250; -1.5835852; 1.6545713; -0.0000400; 11.9999996; -0.0000000
18.9924616; -18.9212439; -1.6003131; 1.6545630; -0.0000428; 11.9999996; -0.0000000
19.1923823; -19.1204588; -1.6170389; 1.6545542; -0.0000457; 11.9999996; -0.0000000
19.3923029; -19.3196695; -1.6337626; 1.6545447; -0.0000486; 11.9999996; -0.0000000
19.5922236; -19.5188758; -1.6504839; 1.6545348; -0.0000514; 11.9999996; 0.0000000
19.7921442; -19.7181108; -1.6672056; 1.6545241; -0.0000550; 11.9999996; 0.0000000
19.9920649; -19.9173431; -1.6839248; 1.6545128; -0.0000586; 11.9999996; 0.0000000
20.1919855; -20.1165706; -1.7006413; 1.6545007; -0.0000623; 11.9999996; 0.0000000
20.3919062; -20.3157934; -1.7173549; 1.6544879; -0.0000659; 11.9999996; 0.0000000
20.5918268; -20.5150112; -1.7340654; 1.6544743; -0.0000695; 11.9999996; 0.0000000
20.7917475; -20.7142240; -1.7507728; 1.6544601; -0.0000732; 11.9999996; 0.0000000
20.9916681; -20.9134316; -1.7674767; 1.6544451; -0.0000768; 11.9999996; 0.0000000
21.1915888; -21.1126512; -1.7841786; 1.6544293; -0.0000807; 11.9999996; 0.0000000
21.3915094; -21.3118904; -1.8008789; 1.6544128; -0.0000849; 11.9999996; 0.0000000
21.5914301; -21.5111241; -1.8175753; 1.6543954; -0.0000892; 11.9999996; 0.0000000
21.7913507; -21.7103522; -1.8342677; 1.6543771; -0.0000934; 11.9999996; 0.0000000
21.9912714; -21.9095746; -1.8509558; 1.6543580; -0.0000976; 11.9999996; 0.0000000
22.1911920; -22.1087911; -1.8676396; 1.6543381; -0.0001019; 11.9999996; 0.0000000
22.3911127; -22.3080017; -1.8843187; 1.6543173; -0.0001061; 11.9999996; 0.0000000
22.5910333; -22.5072062; -1.9009931; 1.6542957; -0.0001104; 11.9999996; 0.0000000
22.7909540; -22.7064475; -1.9176662; 1.6542732; -0.0001148; 11.9999996; 0.0000000
22.9908746; -22.9056890; -1.9343347; 1.6542498; -0.0001192; 11.9999996; 0.0000000
23.1907953; -23.1049242; -1.9509978; 1.6542255; -0.0001236; 11.9999996; 0.0000000
23.3907159; -23.3041528; -1.9676554; 1.6542003; -0.0001281; 11.9999996; 0.0000000
23.5906366; -23.5033748; -1.9843074; 1.6541743; -0.0001325; 11.9999996; 0.0000000
23.7905572; -23.7025900; -2.0009535; 1.6541474; -0.0001369; 11.9999996; 0.0000000
23.9904779; -23.9017983; -2.0175935; 1.6541195; -0.0001414; 11.9999996; 0.0000000
24.1903985; -24.1010184; -2.0342288; 1.6540909; -0.0001454; 11.9999996; 0.0000000
24.3903191; -24.3002694; -2.0508608; 1.6540614; -0.0001488; 11.9999996; 0.0000000
24.5902398; -24.4995132; -2.0674863; 1.6540314; -0.0001521; 11.9999996; 0.0000000
24.7901604; -24.6987497; -2.0841051; 1.6540006; -0.0001554; 11.9999996; 0.0000000
24.9900811; -24.8979788; -2.1007171; 1.6539692; -0.0001587; 11.9999996; 0.0000000
25.1900017; -25.0972003; -2.1173220; 1.6539372; -0.0001620; 11.9999996; 0.0000000
25.3899224; -25.2964142; -2.1339198; 1.6539044; -0.0001654; 11.9999996; 0.0000000
25.5898430; -25.4956203; -2.1505104; 1.6538711; -0.0001687; 11.9999996; 0.0000000
25.7897637; -25.6948693; -2.1670977; 1.6538371; -0.0001707; 11.9999996; 0.0000000
25.9896843; -25.8941234; -2.1836786; 1.6538028; -0.0001723; 11.9999996; 0.0000000
26.1896050; -26.0933693; -2.2002519; 1.6537682; -0.0001739; 11.9999996; 0.0000000
26.3895256; -26.2926070; -2.2168176; 1.6537333; -0.0001755; 11.9999996; 0.0000000
26.5894463; -26.4918363; -2.2333755; 1.6536980; -0.0001772; 11.9999996; 0.0000000
26.7893669; -26.6910571; -2.2499257; 1.6536624; -0.0001788; 11.9999996; 0.0000000
26.9892876; -26.8902693; -2.2664679; 1.6536265; -0.0001804; 11.9999996; 0.0000000
27.1892082; -27.0894912; -2.2830037; 1.6535904; -0.0001804; 11.9999996; 0.0000000
27.3891289; -27.2887565; -2.2995359; 1.6535548; -0.0001757; 11.9999996; 0.0000000
27.5890495; -27.4880128; -2.3160603; 1.6535201; -0.0001710; 11.9999996; 0.0000000
27.7889702; -27.6872600; -2.3325771; 1.6534864; -0.0001663; 11.9999996; 0.0000000
27.9888908; -27.8864980; -2.3490864; 1.6534536; -0.0001616; 11.9999996; 0.0000000
28.1888115; -28.0857268; -2.3655885; 1.6534218; -0.0001569; 11.9999996; 0.0000000
28.3887321; -28.2849462; -2.3820836; 1.6533909; -0.0001522; 11.9999996; 0.0000000
28.5886528; -28.4841561; -2.3985717; 1.6533609; -0.0001475; 11.9999996; 0.0000000
28.7885734; -28.6834131; -2.4150578; 1.6533307; -0.0001593; 11.9999996; 0.0000000
28.9884941; -28.8826811; -2.4315384; 1.6532970; -0.0001772; 11.9999996; 0.0000000
29.1884147; -29.0819391; -2.4480110; 1.6532598; -0.0001950; 11.9999996; 0.0000000
29.3883354; -29.2811871; -2.4644750; 1.6532190; -0.0002129; 11.9999996; 0.0000000
29.5882560; -29.4804248; -2.4809296; 1.6531747; -0.0002308; 11.9999996; 0.0000000
29.7881767; -29.6796521; -2.4973741; 1.6531268; -0.0002487; 11.9999996; 0.0000000
29.9880973; -29.8788687; -2.5138078; 1.6530753; -0.0002666; 11.9999996; 0.0000000
30.1880180; -30.0780909; -2.5302312; 1.6530205; -0.0002721; 11.9999996; -0.0000000
30.3879386; -30.2773668; -2.5466484; 1.6529703; -0.0002296; 11.9999996; -0.0000000
30.5878593; -30.4766323; -2.5630554; 1.6529287; -0.0001870; 11.9999996; -0.0000000
30.7877799; -30.6758880; -2.5794542; 1.6528955; -0.0001444; 11.9999996; -0.0000000
30.9877006; -30.8751345; -2.5958464; 1.6528709; -0.0001018; 11.9999996; -0.0000000
31.1876212; -31.0743722; -2.6122338; 1.6528548; -0.0000592; 11.9999996; -0.0000000
31.3875419; -31.2736018; -2.6286182; 1.6528473; -0.0000165; 11.9999996; -0.0000000
31.5874625; -31.4728237; -2.6450013; 1.6528482; 0.0000261; 11.9999996; -0.0000000
31.7873832; -31.6720714; -2.6613876; 1.6528582; 0.0000757; 11.9999996; -0.0000000
31.9873038; -31.8713283; -2.6777776; 1.6528786; 0.0001285; 11.9999996; -0.0000000
32.1872245; -32.0705796; -2.6941724; 1.6529095; 0.0001813; 11.9999996; -0.0000000
32.3871451; -32.2698261; -2.7105740; 1.6529511; 0.0002342; 11.9999996; -0.0000000
32.5870657; -32.4690685; -2.7269847; 1.6530032; 0.0002870; 11.9999996; -0.0000000
32.7869864; -32.6683078; -2.7434066; 1.6530658; 0.0003398; 11.9999996; -0.0000000
32.9869070; -32.8675446; -2.7598420; 1.6531391; 0.0003927; 11.9999996; -0.0000000
33.1868277; -33.0667793; -2.7762929; 1.6532228; 0.0004462; 11.9999996; -0.0000000
33.3867483; -33.2660106; -2.7927615; 1.6533178; 0.0005038; 11.9999996; -0.0000000
33.5866690; -33.4652418; -2.8092502; 1.6534243; 0.0005613; 11.9999996; -0.0000000
33.7865896; -33.6644735; -2.8257616; 1.6535422; 0.0006188; 11.9999996; -0.0000000
33.9865103; -33.8637066; -2.8422978; 1.6536717; 0.0006762; 11.9999996; -0.0000000
34.1864309; -34.0629417; -2.8588613; 1.6538126; 0.0007337; 11.9999996; -0.0000000
34.3863516; -34.2621795; -2.8754545; 1.6539650; 0.0007912; 11.9999996; -0.0000000
34.5862722; -34.4614207; -2.8920797; 1.6541289; 0.0008486; 11.9999996; -0.0000000
34.7861929; -34.6606310; -2.9087364; 1.6543052; 0.0009197; 11.9999996; -0.0000000
34.9861135; -34.8598258; -2.9254287; 1.6544969; 0.0009986; 11.9999996; -0.0000000
35.1860342; -35.0590262; -2.9421614; 1.6547044; 0.0010775; 11.9999996; -0.0000000
35.3859548; -35.2582328; -2.9589380; 1.6549277; 0.0011564; 11.9999996; -0.0000000
35.5858755; -35.4574462; -2.9757614; 1.6551668; 0.0012352; 11.9999996; -0.0000000
35.7857961; -35.6566672; -2.9926351; 1.6554216; 0.0013140; 11.9999996; -0.0000000
35.9857168; -35.8558965; -3.0095622; 1.6556922; 0.0013927; 11.9999996; -0.0000000
36.1856374; -36.0551228; -3.0265449; 1.6559786; 0.0014730; 11.9999996; 0.0000000
36.3855581; -36.2542614; -3.0435793; 1.6562823; 0.0015662; 11.9999996; 0.0000000
36.5854787; -36.4534103; -3.0606773; 1.6566047; 0.0016594; 11.9999996; 0.0000000
36.7853994; -36.6525700; -3.0778429; 1.6569457; 0.0017524; 11.9999996; 0.0000000
36.9853200; -36.8517411; -3.0950797; 1.6573053; 0.0018454; 11.9999996; 0.0000000
37.1852407; -37.0509243; -3.1123916; 1.6576836; 0.0019384; 11.9999996; 0.0000000
37.3851613; -37.2501201; -3.1297824; 1.6580805; 0.0020312; 11.9999996; 0.0000000
37.5850820; -37.4493292; -3.1472558; 1.6584959; 0.0021239; 11.9999996; 0.0000000
37.7850026; -37.6484568; -3.1648074; 1.6589301; 0.0022227; 11.9999996; 0.0000000
37.9849233; -37.8475298; -3.1824433; 1.6593846; 0.0023258; 11.9999996; 0.0000000
38.1848439; -38.0466180; -3.2001738; 1.6598598; 0.0024287; 11.9999996; 0.0000000
38.3847646; -38.2457220; -3.2180031; 1.6603555; 0.0025315; 11.9999996; 0.0000000
38.5846852; -38.4448424; -3.2359355; 1.6608719; 0.0026342; 11.9999996; 0.0000000
38.7846059; -38.6439799; -3.2539751; 1.6614089; 0.0027368; 11.9999996; 0.0000000
38.9845265; -38.8431352; -3.2721263; 1.6619665; 0.0028393; 11.9999996; 0.0000000
39.1844472; -39.0422988; -3.2903923; 1.6625446; 0.0029409; 11.9999996; 0.0000000
39.3843678; -39.2412689; -3.3087584; 1.6631409; 0.0030277; 11.9999996; 0.0000000
39.5842885; -39.4402584; -3.3272477; 1.6637546; 0.0031144; 11.9999996; 0.0000000
39.7842091; -39.6392680; -3.3458638; 1.6643858; 0.0032010; 11.9999996; 0.0000000
39.9841298; -39.8382980; -3.3646103; 1.6650344; 0.0032875; 11.9999996; 0.0000000
40.1840504; -40.0373490; -3.3834908; 1.6657003; 0.0033738; 11.9999996; 0.0000000
40.3839710; -40.2364216; -3.4025088; 1.6663836; 0.0034599; 11.9999996; 0.0000000
40.5838917; -40.4355162; -3.4216680; 1.6670843; 0.0035460; 11.9999996; 0.0000000
40.7838123; -40.6344922; -3.4409582; 1.6678008; 0.0036132; 11.9999996; -0.0000000
40.9837330; -40.8333509; -3.4603819; 1.6685276; 0.0036616; 11.9999996; -0.0000000
41.1836536; -41.0322341; -3.4799549; 1.6692641; 0.0037099; 11.9999996; -0.0000000
41.3835743; -41.2311431; -3.4996794; 1.6700105; 0.0037580; 11.9999996; -0.0000000
41.5834949; -41.4300791; -3.5195575; 1.6707666; 0.0038060; 11.9999996; -0.0000000
41.7834156; -41.6290432; -3.5395913; 1.6715325; 0.0038538; 11.9999996; -0.0000000
41.9833362; -41.8280367; -3.5597830; 1.6723081; 0.0039014; 11.9999996; -0.0000000
42.1832569; -42.0270608; -3.5801348; 1.6730934; 0.0039489; 11.9999996; 0.0000001
42.3831775; -42.2257863; -3.6006135; 1.6738712; 0.0038297; 11.9999996; 0.0000001
42.5830982; -42.4245254; -3.6212474; 1.6746236; 0.0037012; 11.9999996; 0.0000001
42.7830188; -42.6232972; -3.6420333; 1.6753505; 0.0035729; 11.9999996; 0.0000001
42.9829395; -42.8221023; -3.6629662; 1.6760519; 0.0034448; 11.9999996; 0.0000001
43.1828601; -43.0209411; -3.6840411; 1.6767279; 0.0033168; 11.9999996; 0.0000001
43.3827808; -43.2198143; -3.7052531; 1.6773785; 0.0031889; 11.9999996; 0.0000001
43.5827014; -43.4187222; -3.7265971; 1.6780036; 0.0030612; 11.9999996; -1.4211423
43.7826221; -43.6175124; -3.7480517; 1.6786093; 0.0030999; 11.9762999; -3.7356186
43.9825427; -43.8160883; -3.7696084; 1.6792595; 0.0034106; 11.9137780; -3.7160659
44.1824634; -44.0147032; -3.7913062; 1.6799719; 0.0037206; 11.8512560; -3.6965132
44.3823840; -44.2133595; -3.8131580; 1.6807464; 0.0040298; 11.7887340; -3.6769604
44.5823047; -44.4120600; -3.8351767; 1.6815829; 0.0043382; 11.7262121; -3.6574077
44.7822253; -44.6108069; -3.8573751; 1.6824812; 0.0046458; 11.6636901; -3.6378550
44.9821460; -44.8096030; -3.8797660; 1.6834413; 0.0049524; 11.6011681; -3.6183022
45.1820666; -45.0084507; -3.9023622; 1.6844630; 0.0052581; 11.5386462; -7.6475893
45.3819873; -45.2069295; -3.9251246; 1.6854814; 0.0047766; 11.4053730; -8.5799463
45.5819079; -45.4053545; -3.9480727; 1.6863674; 0.0040951; 11.2539734; -8.4652916
45.7818286; -45.6038342; -3.9711916; 1.6871177; 0.0034151; 11.1025737; -8.3506368
45.9817492; -45.8023687; -3.9944543; 1.6877326; 0.0027366; 10.9511741; -8.2359821
46.1816699; -46.0009582; -4.0178336; 1.6882120; 0.0020593; 10.7997745; -8.1213273
46.3815905; -46.1996028; -4.0413023; 1.6885563; 0.0013832; 10.6483748; -8.0066726
46.5815112; -46.3983029; -4.0648333; 1.6887655; 0.0007083; 10.4969752; -7.8506641
46.7814318; -46.5970090; -4.0883935; 1.6888339; -0.0002719; 10.3463746; -7.5665008
46.9813525; -46.7955609; -4.1119189; 1.6885534; -0.0025335; 10.1991210; -7.4580395
47.1812731; -46.9941559; -4.1353474; 1.6878207; -0.0047944; 10.0518673; -7.3495783
47.3811938; -47.1927832; -4.1585867; 1.6866358; -0.0070567; 9.9046137; -7.2411171
47.5811144; -47.3914325; -4.1815443; 1.6849982; -0.0093226; 9.7573600; -7.1326558
47.7810351; -47.5900933; -4.2041281; 1.6829072; -0.0115941; 9.6101063; -7.0241946
47.9809557; -47.7887549; -4.2262457; 1.6803621; -0.0138731; 9.4628527; -6.9157333
48.1808764; -47.9874069; -4.2478047; 1.6773615; -0.0161615; 9.3155990; -6.6675309
48.3807970; -48.1863884; -4.2687485; 1.6738818; -0.0187388; 9.1713920; -6.4637266
48.5807176; -48.3855993; -4.2889609; 1.6698506; -0.0215281; 9.0293945; -6.3628703
48.7806383; -48.5847871; -4.3083041; 1.6652623; -0.0243281; 8.8873971; -6.2620139
48.9805589; -48.7839529; -4.3266671; 1.6601156; -0.0271389; 8.7453997; -6.1611576
49.1804796; -48.9830976; -4.3439388; 1.6544089; -0.0299603; 8.6034023; -6.0603012
49.3804002; -49.1822224; -4.3600082; 1.6481410; -0.0327920; 8.4614048; -5.9594448
49.5803209; -49.3813283; -4.3747643; 1.6413106; -0.0356328; 8.3194074; -5.8585885
49.7802415; -49.5804162; -4.3880961; 1.6339166; -0.0384815; 8.1774100; -5.4282586
49.9801622; -49.7807155; -4.3999533; 1.6257994; -0.0424470; 8.0436057; -5.3352735
50.1800828; -49.9809619; -4.4100971; 1.6168854; -0.0464798; 7.9098881; -5.2458361
50.3800035; -50.1810931; -4.4183668; 1.6071665; -0.0505732; 7.7761705; -5.1563986
50.5799241; -50.3810597; -4.4246024; 1.5966339; -0.0547309; 7.6424529; -5.0669612
50.7798448; -50.5808124; -4.4286440; 1.5852781; -0.0589555; 7.5087353; -4.9775237
50.9797654; -50.7803018; -4.4303315; 1.5730897; -0.0632478; 7.3750177; -4.8880863
51.1796861; -50.9794786; -4.4295050; 1.5600591; -0.0676069; 7.2413001; -4.8258200
51.3796067; -51.1789228; -4.4259906; 1.5461856; -0.0708344; 7.1068182; -4.7683621
51.5795274; -51.3787804; -4.4196430; 1.5318516; -0.0725136; 6.9713899; -4.6766216
51.7794480; -51.5783281; -4.4104093; 1.5172088; -0.0740667; 6.8359616; -4.5848810
51.9793687; -51.7776245; -4.3982311; 1.5022762; -0.0754831; 6.7005333; -4.4931405
52.1792893; -51.9767282; -4.3830500; 1.4870741; -0.0767533; 6.5651050; -4.4013999
52.3792100; -52.1756978; -4.3648076; 1.4716242; -0.0778684; 6.4296766; -4.3096594
52.5791306; -52.3745921; -4.3434456; 1.4559494; -0.0788206; 6.2942483; -4.2179188
52.7790513; -52.5734695; -4.3189056; 1.4400733; -0.0796036; 6.1588200; -4.0293224
52.9789719; -52.7737949; -4.2909048; 1.4236460; -0.0830447; 6.0266055; -3.9376271
53.1788926; -52.9737312; -4.2595222; 1.4064166; -0.0873499; 5.8945355; -3.8503799
53.3788132; -53.1726877; -4.2246799; 1.3882691; -0.0924886; 5.7624654; -3.7631328
53.5787339; -53.3701408; -4.1862911; 1.3690712; -0.0985595; 5.6303953; -3.6758857
53.7786545; -53.5655668; -4.1442689; 1.3486769; -0.1056859; 5.4983253; -3.5886385
53.9785752; -53.7584421; -4.0985265; 1.3269236; -0.1140187; 5.3662552; -3.5013914
54.1784958; -53.9482429; -4.0489770; 1.3036296; -0.1237412; 5.2341851; -3.1612442
54.3784165; -54.1425904; -3.9930826; 1.2775459; -0.1336062; 5.1120150; -2.8632222
54.5783371; -54.3398394; -3.9304644; 1.2489322; -0.1430414; 4.9987862; -2.7990929
54.7782578; -54.5323001; -3.8630795; 1.2187490; -0.1531134; 4.8855573; -2.7349636
54.9781784; -54.7197967; -3.7908344; 1.1869203; -0.1638098; 4.7723285; -2.6708343
55.1780991; -54.9021535; -3.7136357; 1.1533748; -0.1750973; 4.6590996; -2.6067050
55.3780197; -55.0791950; -3.6313901; 1.1180488; -0.1869168; 4.5458707; -2.5425757
55.5779404; -55.2507453; -3.5440043; 1.0808892; -0.1991771; 4.4326419; -2.7761012
55.7778610; -55.4226717; -3.4476936; 1.0373891; -0.2568072; 4.3056143; -2.8372515
55.9777817; -55.5903663; -3.3421985; 0.9784303; -0.3385469; 4.1717938; -2.7476765
56.1777023; -55.7492962; -3.2267428; 0.9040423; -0.4176488; 4.0379734; -2.6581014
56.3776230; -55.8980355; -3.0988771; 0.8151719; -0.4854150; 3.9041530; -2.5685263
56.5775436; -56.0351579; -2.9561518; 0.7140779; -0.5309922; 3.7703326; -2.4789513
56.7774642; -56.1592374; -2.7961174; 0.6044785; -0.5451041; 3.6365122; -1.8244405
56.9773849; -56.2654820; -2.6225920; 0.4950986; -0.5164956; 3.5347891; 0.8301389
57.1773055; -56.3436442; -2.4611979; 0.4089823; -0.4470949; 3.5814324; 0.8410212
57.3772262; -56.4109598; -2.2871479; 0.3307516; -0.3938935; 3.6280756; 0.8519035
57.5771468; -56.4670347; -2.1019673; 0.2586051; -0.3539044; 3.6747189; 0.8627858
57.7770675; -56.5114749; -1.9071812; 0.1909906; -0.3245495; 3.7213622; 0.8736680
57.9769881; -56.5438867; -1.7043148; 0.1265791; -0.3037798; 3.7680054; 0.8845503
58.1769088; -56.5638759; -1.4948934; 0.0642246; -0.2900369; 3.8146487; 0.8954326
58.3768294; -56.5710486; -1.2804422; 0.0029251; -0.2821643; 3.8612920; 0.6449826
58.5767501; -56.5652117; -1.0659409; -0.0571587; -0.2753162; 3.8945431; -0.3369580
58.7766707; -56.5479714; -0.8627289; -0.1115734; -0.2593993; 3.8772073; -0.3354547
58.9765914; -56.5197810; -0.6594723; -0.1637330; -0.2499591; 3.8598715; -0.3339515
59.1765120; -56.4811470; -0.4577597; -0.2146293; -0.2466248; 3.8425357; -0.3324482
59.3764327; -56.4325758; -0.2591795; -0.2652296; -0.2493906; 3.8251998; -0.3309450
59.5763533; -56.3745740; -0.0653202; -0.3165192; -0.2586513; 3.8078640; -0.3294417
59.7762740; -56.3076480; 0.1222296; -0.3695488; -0.2752692; 3.7905282; -0.3279385
59.9761946; -56.2323043; 0.3018815; -0.4254888; -0.3006833; 3.7731924; -0.3264352
60.1761153; -56.1490494; 0.4720468; -0.4856932; -0.3370672; 3.7558565; 0.0575582
60.3760359; -56.0452359; 0.6524023; -0.5599867; -0.3702939; 3.7589191; 0.3225979
60.5759566; -55.9228205; 0.8309851; -0.6426628; -0.3929019; 3.7760377; 0.3240637
60.7758772; -55.7912444; 0.9922801; -0.7265596; -0.4125601; 3.7931563; 0.3255295
60.9757979; -55.6516474; 1.1366560; -0.8111326; -0.4289815; 3.8102749; 0.3269953
61.1757185; -55.5051693; 1.2644812; -0.8958849; -0.4422077; 3.8273935; 0.3284611
61.3756392; -55.3529498; 1.3761245; -0.9804039; -0.4526109; 3.8445121; 0.3299269
61.5755598; -55.1961287; 1.4719542; -1.0643918; -0.4608526; 3.8616307; 0.6163531
61.7754805; -55.0256559; 1.5568939; -1.1529026; -0.4665746; 3.8934092; 0.8030561
61.9754011; -54.8447195; 1.6276679; -1.2424691; -0.4509812; 3.9344288; 0.8114725
62.1753218; -54.6587297; 1.6822943; -1.3265465; -0.4130141; 3.9754484; 0.8198888
62.3752424; -54.4668276; 1.7222789; -1.4024507; -0.3594777; 4.0164681; 0.8283052
62.5751631; -54.2681543; 1.7491275; -1.4684469; -0.2984597; 4.0574877; 0.8367216
62.7750837; -54.0618508; 1.7643459; -1.5237541; -0.2369352; 4.0985073; 1.1797314
62.9750044; -53.8574410; 1.7694018; -1.5666664; -0.1894016; 4.1556549; 2.0762987
63.1749250; -53.6727266; 1.7670392; -1.5999655; -0.1718432; 4.2543692; 2.1250407
63.3748457; -53.4824649; 1.7584604; -1.6313003; -0.1577842; 4.3530836; 2.1737826
63.5747663; -53.2872307; 1.7436801; -1.6610482; -0.1465482; 4.4517979; 2.2225246
63.7746870; -53.0875987; 1.7227135; -1.6895312; -0.1376197; 4.5505122; 2.2712665
63.9746076; -52.8841437; 1.6955756; -1.7170271; -0.1306052; 4.6492266; 2.3200085
64.1745283; -52.6774402; 1.6622813; -1.7437793; -0.1252039; 4.7479409; 2.3687504
64.3744489; -52.4680631; 1.6228457; -1.7700038; -0.1211862; 4.8466553; 0.3198814
64.5743695; -52.2712892; 1.5806747; -1.7932265; -0.1047077; 4.8598322; -0.7798748
64.7742902; -52.0808484; 1.5356939; -1.8115340; -0.0827426; 4.8276436; -0.7746923
64.9742108; -51.8891750; 1.4871121; -1.8258553; -0.0623820; 4.7954550; -0.7695097
65.1741315; -51.6964416; 1.4357097; -1.8363742; -0.0432962; 4.7632664; -0.7643271
65.3740521; -51.5028208; 1.3822671; -1.8432344; -0.0251614; 4.7310778; -0.7591445
65.5739728; -51.3084853; 1.3275647; -1.8465386; -0.0076647; 4.6988893; -0.7539619
65.7738934; -51.1136078; 1.2723831; -1.8463493; 0.0094955; 4.6667007; -0.7487793
65.9738141; -50.9183608; 1.2175026; -1.8426894; 0.0266104; 4.6345121; -1.1725079
66.1737347; -50.7213018; 1.1632660; -1.8354506; 0.0455385; 4.5836541; -4.1478557
66.3736554; -50.5128682; 1.1081235; -1.8222655; 0.0772685; 4.3990228; -3.9773443
66.5735760; -50.3056709; 1.0569783; -1.8020734; 0.1128702; 4.2143914; -3.8068329
66.7734967; -50.1008574; 1.0115979; -1.7741495; 0.1547601; 4.0297600; -3.6363215
66.9734173; -49.8995749; 0.9737503; -1.7374249; 0.2058962; 3.8451286; -3.4658102
67.1733380; -49.7029710; 0.9452031; -1.6904380; 0.2699390; 3.6604973; -3.2952988
67.3732586; -49.5121928; 0.9277241; -1.6312912; 0.3512290; 3.4758659; -3.1247874
67.5731793; -49.3283880; 0.9230812; -1.5576576; 0.4542325; 3.2912345; -2.4160640
67.7730999; -49.1461621; 0.9337340; -1.4633436; 0.5686572; 3.1410480; 1.2526237
67.9730206; -48.9328995; 0.9703747; -1.3369925; 0.5951277; 3.2197877; 1.2836358
68.1729412; -48.7348172; 1.0307447; -1.2127473; 0.6007601; 3.2985275; 1.3146478
68.3728619; -48.5518722; 1.1119895; -1.0933991; 0.5883243; 3.3772673; 1.3456599
68.5727825; -48.3840220; 1.2112547; -0.9808717; 0.5635639; 3.4560070; 1.3766719
68.7727032; -48.2312236; 1.3256856; -0.8760984; 0.5331079; 3.5347468; 1.4076840
68.9726238; -48.0934343; 1.4524278; -0.7791164; 0.5029093; 3.6134866; -0.3244046
69.1725445; -47.9644805; 1.5965983; -0.6795471; 0.5253808; 3.5954937; -0.4196659
69.3724651; -47.8512469; 1.7523117; -0.5779558; 0.5249014; 3.5720827; -0.4169245
69.5723858; -47.7535160; 1.9200079; -0.4782465; 0.4981098; 3.5486718; -0.4141830
69.7723064; -47.6706861; 2.1005158; -0.3837443; 0.4506772; 3.5252608; -0.4114416
69.9722271; -47.6021553; 2.2946644; -0.2969553; 0.3913103; 3.5018499; -0.3258373
70.1721477; -47.5480698; 2.4999381; -0.2204727; 0.3311955; 3.4831981; 0.5276857
70.3720684; -47.5127732; 2.6829954; -0.1612510; 0.3064795; 3.5133545; 0.5322346
70.5719890; -47.4873306; 2.8743871; -0.1034794; 0.2936643; 3.5435109; 0.5367834
70.7719097; -47.4725575; 3.0722335; -0.0456983; 0.2901447; 3.5736672; 0.5413323
70.9718303; -47.4692695; 3.2746547; 0.0133587; 0.2943953; 3.6038236; 0.5458811
71.1717510; -47.4782822; 3.4797711; 0.0748460; 0.3055492; 3.6339799; 0.5504299
71.3716716; -47.5004112; 3.6857027; 0.1398551; 0.3231097; 3.6641363; 0.5549788
71.5715923; -47.5364721; 3.8905699; 0.2094355; 0.3467072; 3.6942927; 2.1046255
71.7715129; -47.5834335; 4.0804063; 0.2746991; 0.3198986; 3.8064832; 2.1764226
71.9714336; -47.6424082; 4.2676279; 0.3346733; 0.2909334; 3.9191247; 2.2398883
72.1713542; -47.7124572; 4.4523575; 0.3892487; 0.2615433; 4.0317661; 2.3033540
72.3712749; -47.7926264; 4.6346487; 0.4384523; 0.2327746; 4.1444076; 2.3668196
72.5711955; -47.8819622; 4.8145553; 0.4824230; 0.2052940; 4.2570490; 2.4302853
72.7711161; -47.9795105; 4.9921308; 0.5213684; 0.1794532; 4.3696905; 2.4937509
72.9710368; -48.0843176; 5.1674289; 0.5555288; 0.1553644; 4.4823319; 2.8909152
73.1709574; -48.1932426; 5.3372016; 0.5846037; 0.1329062; 4.6094692; 3.4269735
73.3708781; -48.3043623; 5.5006667; 0.6087365; 0.1114412; 4.7557809; 3.5340516
73.5707987; -48.4196860; 5.6625062; 0.6288194; 0.0908282; 4.9020926; 3.6411296
73.7707194; -48.5384760; 5.8229831; 0.6449608; 0.0709940; 5.0484043; 3.7482076
73.9706400; -48.6599950; 5.9823603; 0.6572566; 0.0518127; 5.1947160; 3.8552857
74.1705607; -48.7835055; 6.1409008; 0.6657840; 0.0331228; 5.3410277; 3.9623637
74.3704813; -48.9082699; 6.2988676; 0.6705975; 0.0147396; 5.4873394; 4.0694417
74.5704020; -49.0335508; 6.4565237; 0.6717255; -0.0035355; 5.6336510; 4.0628711
74.7703226; -49.1592626; 6.6149438; 0.6693725; -0.0176724; 5.7760304; 4.0538881
74.9702433; -49.2847646; 6.7742585; 0.6647464; -0.0279903; 5.9146800; 4.1500447
75.1701639; -49.4089711; 6.9337814; 0.6580221; -0.0385908; 6.0533296; 4.2462014
75.3700846; -49.5314170; 7.0935960; 0.6491550; -0.0495753; 6.1919791; 4.3423580
75.5700052; -49.6516372; 7.2537857; 0.6380873; -0.0610449; 6.3306287; 4.4385147
75.7699259; -49.7691667; 7.4144340; 0.6247483; -0.0730998; 6.4692782; 4.5346713
75.9698465; -49.8835405; 7.5756243; 0.6090551; -0.0858370; 6.6079278; 4.6308280
76.1697672; -49.9942933; 7.7374400; 0.5909139; -0.0993471; 6.7465774; 3.1039857
76.3696878; -50.1045961; 7.9055758; 0.5702058; -0.1032403; 6.8379389; 2.3576122
76.5696085; -50.2121821; 8.0772575; 0.5494284; -0.1017613; 6.9065243; 2.3811413
76.7695291; -50.3154694; 8.2498573; 0.5291546; -0.0997266; 6.9751098; 2.4046705
76.9694498; -50.4146859; 8.4234379; 0.5094634; -0.0971560; 7.0436953; 2.4281997
77.1693704; -50.5100598; 8.5980619; 0.4904297; -0.0940782; 7.1122808; 2.4517289
77.3692911; -50.6018190; 8.7737920; 0.4721231; -0.0905295; 7.1808663; 2.4752581
77.5692117; -50.6901916; 8.9506910; 0.4546076; -0.0865529; 7.2494518; 2.2143615
77.7691324; -50.7756308; 9.1293032; 0.4378726; -0.0833035; 7.3102629; 1.2024855
77.9690530; -50.8588338; 9.3109477; 0.4211717; -0.0838654; 7.3430748; 1.2078707
78.1689737; -50.9389608; 9.4939116; 0.4043696; -0.0843611; 7.3758867; 1.2132560
78.3688943; -51.0159941; 9.6782003; 0.3874752; -0.0847881; 7.4086985; 1.2186412
78.5688150; -51.0899159; 9.8638194; 0.3704978; -0.0851442; 7.4415104; 1.2240264
78.7687356; -51.1607087; 10.0507745; 0.3534469; -0.0854274; 7.4743223; 1.2294117
78.9686563; -51.2283546; 10.2390712; 0.3363323; -0.0856362; 7.5071341; 1.2347969
79.1685769; -51.2928360; 10.4287150; 0.3191640; -0.0857692; 7.5399460; 1.4528711
79.3684976; -51.3536861; 10.6182451; 0.3022140; -0.0842973; 7.5783708; 1.4976746
79.5684182; -51.4113586; 10.8088079; 0.2856038; -0.0825554; 7.6177776; 1.5054422
79.7683389; -51.4659778; 11.0006065; 0.2693132; -0.0808214; 7.6571845; 1.5132098
79.9682595; -51.5175840; 11.1935906; 0.2533400; -0.0790998; 7.6965913; 1.5209774
80.1681802; -51.5662177; 11.3877095; 0.2376815; -0.0773946; 7.7359981; 1.5287449
80.3681008; -51.6119191; 11.5829129; 0.2223345; -0.0757093; 7.7754050; 1.5365125
80.5680215; -51.6547287; 11.7791501; 0.2072953; -0.0740472; 7.8148118; 1.7009055
80.7679421; -51.6944869; 11.9753441; 0.1926489; -0.0721032; 7.8582044; 1.9294617
80.9678627; -51.7312163; 12.1710167; 0.1785258; -0.0697838; 7.9071395; 1.9414397
81.1677834; -51.7652790; 12.3675153; 0.1648348; -0.0675282; 7.9560745; 1.9534176
81.3677040; -51.7967398; 12.5647662; 0.1515663; -0.0653369; 8.0050096; 1.9653956
81.5676247; -51.8256632; 12.7626958; 0.1387106; -0.0632096; 8.0539447; 1.9773736
81.7675453; -51.8521140; 12.9612304; 0.1262581; -0.0611459; 8.1028798; 1.9893515
81.9674660; -51.8761567; 13.1602964; 0.1141992; -0.0591451; 8.1518149; 2.0013295
82.1673866; -51.8978559; 13.3598201; 0.1025244; -0.0572059; 8.2007500; 2.2151022
82.3673073; -51.9171773; 13.5586473; 0.0912831; -0.0553469; 8.2545739; 2.2541618
82.5672279; -51.9342988; 13.7576714; 0.0804096; -0.0535250; 8.3089889; 2.2689727
82.7671486; -51.9492988; 13.9569741; 0.0698910; -0.0517363; 8.3634039; 2.2837836
82.9670692; -51.9622421; 14.1565063; 0.0597223; -0.0499808; 8.4178190; 2.2985944
83.1669899; -51.9731936; 14.3562187; 0.0498983; -0.0482582; 8.4722340; 2.3134053
83.3669105; -51.9822182; 14.5560623; 0.0404139; -0.0465677; 8.5266491; 2.3282161
83.5668312; -51.9893809; 14.7559879; 0.0312643; -0.0449087; 8.5810641; 2.3404389
83.7667518; -51.9947465; 14.9559659; 0.0224223; -0.0439494; 8.6354192; 2.3496826
83.9666725; -51.9983493; 15.1559812; 0.0135827; -0.0444253; 8.6896470; 2.3643917
84.1665931; -52.0001741; 15.3559758; 0.0046496; -0.0449050; 8.7438748; 2.3791008
84.3665138; -52.0002029; 15.5559343; -0.0043778; -0.0453883; 8.7981026; 2.3938099
84.5664344; -51.9984175; 15.7558415; -0.0135002; -0.0458746; 8.8523304; 2.4085190
84.7663551; -51.9947998; 15.9556821; -0.0227182; -0.0463637; 8.9065582; 2.4232281
84.9662757; -51.9893316; 16.1554407; -0.0320323; -0.0468552; 8.9607860; 2.4379372
85.1661964; -51.9819948; 16.3551021; -0.0414431; -0.0473485; 9.0150138; 2.0677853
85.3661170; -51.9727599; 16.5548822; -0.0509554; -0.0477559; 9.0607538; 1.9494846
85.5660377; -51.9616149; 16.7546056; -0.0605466; -0.0481415; 9.1036665; 1.9586958
85.7659583; -51.9485498; 16.9541723; -0.0702139; -0.0485354; 9.1465792; 1.9679070
85.9658790; -51.9335517; 17.1535593; -0.0799587; -0.0489373; 9.1894920; 1.9771181
86.1657996; -51.9166075; 17.3527439; -0.0897823; -0.0493469; 9.2324047; 1.9863293
86.3657203; -51.8977041; 17.5517031; -0.0996861; -0.0497639; 9.2753174; 1.9955404
86.5656409; -51.8768283; 17.7504141; -0.1096715; -0.0501880; 9.3182301; 1.8413414
86.7655616; -51.8539596; 17.9489177; -0.1197439; -0.0506753; 9.3576523; 1.1591113
86.9654822; -51.8290527; 18.1473958; -0.1299536; -0.0514036; 9.3823833; 1.1621707
87.1654029; -51.8021131; 18.3455596; -0.1403066; -0.0521334; 9.4071144; 1.1652300
87.3653235; -51.7731154; 18.5433892; -0.1508035; -0.0528640; 9.4318454; 1.1682894
87.5652442; -51.7420342; 18.7408646; -0.1614444; -0.0535942; 9.4565764; 1.1713487
87.7651648; -51.7088444; 18.9379660; -0.1722295; -0.0543233; 9.4813075; 1.1744080
87.9650855; -51.6735205; 19.1346734; -0.1831590; -0.0550502; 9.5060385; 1.1774674
88.1650061; -51.6360372; 19.3309668; -0.1942327; -0.0557739; 9.5307696; 0.6656039
88.3649268; -51.5963780; 19.5267844; -0.2054474; -0.0564846; 9.5447213; 0.3848078
88.5648474; -51.5545147; 19.7221279; -0.2168016; -0.0571815; 9.5527779; 0.3851325
88.7647680; -51.5104171; 19.9170042; -0.2282955; -0.0578673; 9.5608346; 0.3854571
88.9646887; -51.4640598; 20.1113971; -0.2399275; -0.0585409; 9.5688913; 0.3857818
89.1646093; -51.4154170; 20.3052904; -0.2516962; -0.0592006; 9.5769479; 0.3861065
89.3645300; -51.3644634; 20.4986680; -0.2635998; -0.0598453; 9.5850046; 0.3864312
89.5644506; -51.3111732; 20.6915137; -0.2756364; -0.0604733; 9.5930612; 0.3318422
89.7643713; -51.2555458; 20.8837276; -0.2877984; -0.0610636; 9.5999744; -0.1709767
89.9642919; -51.1977717; 21.0746113; -0.3000167; -0.0614645; 9.5964131; -0.1709133
90.1642126; -51.1376195; 21.2649049; -0.3123236; -0.0618663; 9.5928518; -0.1708498
90.3641332; -51.0750759; 21.4545790; -0.3247197; -0.0622679; 9.5892906; -0.1707864
90.5640539; -51.0101282; 21.6436040; -0.3372055; -0.0626687; 9.5857293; -0.1707230
90.7639745; -50.9427633; 21.8319506; -0.3497812; -0.0630678; 9.5821680; -0.1706595
90.9638952; -50.8729682; 22.0195892; -0.3624471; -0.0634642; 9.5786068; -0.1705961
91.1638158; -50.8007300; 22.2064903; -0.3752033; -0.0638570; 9.5750455; -0.3357886
91.3637365; -50.7262426; 22.3921198; -0.3880019; -0.0639981; 9.5680319; -0.4898536
91.5636571; -50.6495165; 22.5764709; -0.4007751; -0.0639461; 9.5577911; -0.4893291
91.7635778; -50.5703860; 22.7599565; -0.4135520; -0.0639453; 9.5475503; -0.4888045
91.9634984; -50.4888721; 22.9425153; -0.4263409; -0.0639955; 9.5373095; -0.4882799
92.1634191; -50.4049961; 23.1240863; -0.4391499; -0.0640965; 9.5270687; -0.4877553
92.3633397; -50.3187791; 23.3046084; -0.4519871; -0.0642482; 9.5168279; -0.4872307
92.5632604; -50.2302422; 23.4840206; -0.4648606; -0.0644504; 9.5065871; -0.4867062
92.7631810; -50.1394067; 23.6622617; -0.4777786; -0.0647031; 9.4963463; -0.6171109
92.9631017; -50.0461723; 23.8394996; -0.4907516; -0.0648445; 9.4833457; -0.6315593
93.1630223; -49.9506631; 24.0154771; -0.5037507; -0.0650068; 9.4700223; -0.6306714
93.3629430; -49.8529164; 24.1901174; -0.5167804; -0.0652082; 9.4566989; -0.6297834
93.5628636; -49.7529557; 24.3633700; -0.5298469; -0.0654489; 9.4433755; -0.6288955
93.7627843; -49.6508044; 24.5351848; -0.5429568; -0.0657291; 9.4300521; -0.6280076
93.9627049; -49.5464860; 24.7055116; -0.5561165; -0.0660488; 9.4167287; -0.6271197
94.1626256; -49.4400239; 24.8743000; -0.5693324; -0.0664082; 9.4034053; -0.6486196
94.3625462; -49.3312005; 25.0418658; -0.5826378; -0.0667187; 9.3896052; -0.7038442
94.5624669; -49.2196562; 25.2086996; -0.5960392; -0.0668404; 9.3746072; -0.7027190
94.7623875; -49.1060163; 25.3738327; -0.6094527; -0.0669940; 9.3596092; -0.7015939
94.9623082; -48.9903122; 25.5372252; -0.6228839; -0.0671799; 9.3446111; -0.7004687
95.1622288; -48.8725755; 25.6988375; -0.6363380; -0.0673985; 9.3296131; -0.6993436
95.3621495; -48.7528377; 25.8586297; -0.6498205; -0.0676499; 9.3146151; -0.6982184
95.5620701; -48.6311303; 26.0165620; -0.6633370; -0.0679348; 9.2996171; -0.6970933
95.7619908; -48.5074848; 26.1725948; -0.6768929; -0.0682533; 9.2846191; -0.7131205
95.9619114; -48.3808480; 26.3280013; -0.6906076; -0.0685644; 9.2692511; -0.7181970
96.1618321; -48.2518978; 26.4818753; -0.7044043; -0.0688811; 9.2537480; -0.7169948
96.3617527; -48.1210514; 26.6337004; -0.7182435; -0.0692165; 9.2382448; -0.7157926
96.5616734; -47.9883357; 26.7834459; -0.7321284; -0.0695706; 9.2227417; -0.7145904
96.7615940; -47.8537777; 26.9310813; -0.7460626; -0.0699436; 9.2072385; -0.7133881
96.9615146; -47.7174043; 27.0765760; -0.7600493; -0.0703355; 9.1917354; -0.7121859
97.1614353; -47.5792424; 27.2198994; -0.7740919; -0.0707463; 9.1762322; -0.5659206
97.3613559; -47.4388802; 27.3614569; -0.7882405; -0.0712757; 9.1638943; -0.1680922
97.5612766; -47.2955465; 27.5019462; -0.8026263; -0.0720744; 9.1602265; -0.1680249
97.7611972; -47.1504275; 27.6401297; -0.8171475; -0.0728545; 9.1565586; -0.1679576
97.9611179; -47.0035212; 27.7759847; -0.8318018; -0.0736140; 9.1528908; -0.1678903
98.1610385; -46.8548255; 27.9094879; -0.8465865; -0.0743506; 9.1492229; -0.1678230
98.3609592; -46.7043385; 28.0406166; -0.8614987; -0.0750624; 9.1455551; -0.1677557
98.5608798; -46.5520580; 28.1693475; -0.8765351; -0.0757472; 9.1418872; -0.1676884
98.7608005; -46.3979820; 28.2956579; -0.8916924; -0.0764028; 9.1382194; 0.3585030
98.9607211; -46.2416580; 28.4198885; -0.9068558; -0.0752675; 9.1460591; 0.4249505
99.1606418; -46.0834826; 28.5417578; -0.9217425; -0.0738223; 9.1553433; 0.4253816
99.3605624; -45.9235277; 28.6612828; -0.9363319; -0.0722921; 9.1646274; 0.4258127
99.5604831; -45.7618093; 28.7785259; -0.9506128; -0.0706843; 9.1739115; 0.4262439
99.7604037; -45.5983433; 28.8935496; -0.9645747; -0.0690066; 9.1831957; 0.4266750
99.9603244; -45.4331457; 29.0064161; -0.9782080; -0.0672666; 9.1924798; 0.4271062
100.1602450; -45.2662323; 29.1171879; -0.9915044; -0.0654717; 9.2017639; 0.7564412
100.3601657; -45.0985275; 29.2253490; -1.0044072; -0.0640087; 9.2181840; 1.0462101
100.5600863; -44.9299691; 29.3310405; -1.0170287; -0.0628706; 9.2408460; 1.0487790
100.7600070; -44.7598053; 29.4347938; -1.0294460; -0.0617387; 9.2635079; 1.0513478
100.9599276; -44.5880706; 29.5366250; -1.0416602; -0.0606146; 9.2861699; 1.0539167
101.1598483; -44.4147997; 29.6365505; -1.0536726; -0.0594996; 9.3088319; 1.0564855
101.3597689; -44.2400270; 29.7345864; -1.0654850; -0.0583952; 9.3314939; 1.0590544
101.5596896; -44.0637873; 29.8307490; -1.0770990; -0.0573026; 9.3541558; 1.1391067
101.7596102; -43.8863616; 29.9249255; -1.0885003; -0.0561552; 9.3784697; 1.8139578
101.9595309; -43.7096917; 30.0161777; -1.0994961; -0.0544468; 9.4170584; 1.8214062
102.1594515; -43.5317181; 30.1056735; -1.1101749; -0.0527708; 9.4556471; 1.8288546
102.3593722; -43.3524958; 30.1934469; -1.1205414; -0.0511277; 9.4942358; 1.8363030
102.5592928; -43.1720797; 30.2795319; -1.1306004; -0.0495175; 9.5328245; 1.8437514
102.7592135; -42.9905249; 30.3639623; -1.1403566; -0.0479401; 9.5714132; 1.8511998
102.9591341; -42.8078863; 30.4467722; -1.1498149; -0.0463954; 9.6100019; 1.8586482
103.1590548; -42.6242189; 30.5279955; -1.1589799; -0.0448830; 9.6485906; 2.3454039
103.3589754; -42.4405947; 30.6072336; -1.1677808; -0.0429303; 9.6970661; 2.7153274
103.5588961; -42.2568267; 30.6846720; -1.1761150; -0.0406600; 9.7528863; 2.7309131
103.7588167; -42.0722273; 30.7607030; -1.1840086; -0.0384223; 9.8087065; 2.7464987
103.9587374; -41.8868607; 30.8353911; -1.1914662; -0.0362161; 9.8645267; 2.7620844
104.1586580; -41.7007911; 30.9088009; -1.1984922; -0.0340397; 9.9203469; 2.7776700
104.3585787; -41.5140826; 30.9809969; -1.2050908; -0.0318916; 9.9761670; 2.7932557
104.5584993; -41.3267994; 31.0520435; -1.2112660; -0.0297696; 10.0319872; 2.8088413
104.7584200; -41.1390057; 31.1220054; -1.2170213; -0.0276717; 10.0878074; 3.5433592
104.9583406; -40.9512848; 31.1907620; -1.2222924; -0.0250477; 10.1577872; 3.5894762
105.1582612; -40.7631940; 31.2585877; -1.2270377; -0.0224207; 10.2281895; 3.6142685
105.3581819; -40.5747761; 31.3255784; -1.2312595; -0.0198050; 10.2985919; 3.6390608
105.5581025; -40.3860894; 31.3918239; -1.2349594; -0.0171986; 10.3689942; 3.6638531
105.7580232; -40.1971921; 31.4574145; -1.2381384; -0.0145992; 10.4393966; 3.6886454
105.9579438; -40.0081427; 31.5224402; -1.2407977; -0.0120043; 10.5097989; 3.7134377
106.1578645; -39.8189993; 31.5869911; -1.2429377; -0.0094111; 10.5802013; 3.8602346
106.3577851; -39.6296469; 31.6512153; -1.2445825; -0.0074667; 10.6528935; 4.1182968
106.5577058; -39.4399696; 31.7152303; -1.2460050; -0.0067442; 10.7299024; 4.1479604
106.7576264; -39.2503009; 31.7789573; -1.2472820; -0.0060193; 10.8069113; 4.1776240
106.9575471; -39.0606453; 31.8424259; -1.2484131; -0.0052920; 10.8839202; 4.2072876
107.1574677; -38.8710074; 31.9056655; -1.2493981; -0.0045625; 10.9609291; 4.2369512
107.3573884; -38.6813918; 31.9687056; -1.2502367; -0.0038309; 11.0379379; 4.2666148
107.5573090; -38.4918029; 32.0315757; -1.2509287; -0.0030976; 11.1149468; 4.2962784
107.7572297; -38.3022453; 32.0943053; -1.2514739; -0.0023626; 11.1919557; 4.2733447
107.9571503; -38.1123256; 32.1570543; -1.2518927; -0.0018943; 11.2680314; 4.2839095
108.1570710; -37.9223086; 32.2197555; -1.2522341; -0.0015183; 11.3437831; 4.3126125
108.3569916; -37.7323372; 32.2823777; -1.2525002; -0.0011418; 11.4195349; 4.3413155
108.5569123; -37.5424163; 32.3449351; -1.2526908; -0.0007646; 11.4952866; 4.3700185
108.7568329; -37.3525508; 32.4074422; -1.2528058; -0.0003867; 11.5710383; 4.3987215
108.9567536; -37.1627455; 32.4699131; -1.2528453; -0.0000082; 11.6467900; 4.4274245
109.1566742; -36.9730052; 32.5323624; -1.2528091; 0.0003709; 11.7225418; 4.0095609
109.3565949; -36.7832579; 32.5948295; -1.2526976; 0.0007185; 11.7907240; 1.6689380
109.5565155; -36.5931794; 32.6574351; -1.2525360; 0.0008964; 11.8189883; 1.6729339
109.7564362; -36.4031762; 32.7200536; -1.2523389; 0.0010745; 11.8472525; 1.6769298
109.9563568; -36.2132492; 32.7826923; -1.2521061; 0.0012530; 11.8755167; 1.6809257
110.1562775; -36.0233992; 32.8453583; -1.2518378; 0.0014317; 11.9037810; 1.6849216
110.3561981; -35.8336272; 32.9080589; -1.2515338; 0.0016106; 11.9320452; 1.6889176
110.5561188; -35.6439339; 32.9708011; -1.2511941; 0.0017897; 11.9603094; 1.6929135
110.7560394; -35.4543203; 33.0335922; -1.2508187; 0.0019691; 11.9885736; 0.6855053
110.9559601; -35.2645356; 33.0965229; -1.2504077; 0.0021375; 11.9999996; -0.0000001
111.1558807; -35.0746619; 33.1595731; -1.2499639; 0.0022985; 11.9999996; -0.0000001
111.3558014; -34.8848711; 33.2226927; -1.2494881; 0.0024597; 11.9999996; -0.0000001
111.5557220; -34.6951645; 33.2858880; -1.2489801; 0.0026211; 11.9999996; -0.0000001
111.7556427; -34.5055431; 33.3491653; -1.2484400; 0.0027827; 11.9999996; -0.0000001
111.9555633; -34.3160081; 33.4125309; -1.2478677; 0.0029444; 11.9999996; -0.0000001
112.1554840; -34.1265604; 33.4759913; -1.2472633; 0.0031062; 11.9999996; -0.0000001
112.3554046; -33.9371836; 33.5395587; -1.2466266; 0.0032664; 11.9999996; -0.0000000
112.5553253; -33.7475517; 33.6033493; -1.2459607; 0.0033901; 11.9999996; -0.0000000
112.7552459; -33.5580102; 33.6672526; -1.2452703; 0.0035138; 11.9999996; -0.0000000
112.9551665; -33.3685598; 33.7312736; -1.2445552; 0.0036376; 11.9999996; -0.0000000
113.1550872; -33.1792008; 33.7954171; -1.2438156; 0.0037615; 11.9999996; -0.0000000
113.3550078; -32.9899339; 33.8596881; -1.2430513; 0.0038855; 11.9999996; -0.0000000
113.5549285; -32.8007595; 33.9240916; -1.2422625; 0.0040095; 11.9999996; -0.0000000
113.7548491; -32.6116782; 33.9886324; -1.2414490; 0.0041335; 11.9999996; 0.0000000
113.9547698; -32.4225362; 34.0533685; -1.2406102; 0.0042588; 11.9999996; 0.0000000
114.1546904; -32.2333441; 34.1183018; -1.2397457; 0.0043853; 11.9999996; 0.0000000
114.3546111; -32.0442471; 34.1833879; -1.2388561; 0.0045118; 11.9999996; 0.0000000
114.5545317; -31.8552456; 34.2486319; -1.2379413; 0.0046383; 11.9999996; 0.0000000
114.7544524; -31.6663403; 34.3140388; -1.2370015; 0.0047648; 11.9999996; 0.0000000
114.9543730; -31.4775318; 34.3796137; -1.2360365; 0.0048913; 11.9999996; 0.0000000
115.1542937; -31.2888206; 34.4453615; -1.2350464; 0.0050178; 11.9999996; 0.0000000
115.3542143; -31.1002073; 34.5112874; -1.2340312; 0.0051443; 11.9999996; 0.0000000
115.5541350; -30.9114639; 34.5774766; -1.2329904; 0.0052623; 11.9999996; 0.0000000
115.7540556; -30.7228187; 34.6438544; -1.2319263; 0.0053802; 11.9999996; 0.0000000
115.9539763; -30.5342731; 34.7104252; -1.2308387; 0.0054980; 11.9999996; 0.0000000
116.1538969; -30.3458275; 34.7771937; -1.2297277; 0.0056158; 11.9999996; 0.0000000
116.3538176; -30.1574823; 34.8441648; -1.2285934; 0.0057335; 11.9999996; 0.0000000
116.5537382; -29.9692380; 34.9113431; -1.2274357; 0.0058512; 11.9999996; 0.0000000
116.7536589; -29.7810949; 34.9787334; -1.2262546; 0.0059687; 11.9999996; -0.0000000
116.9535795; -29.5929799; 35.0463670; -1.2250504; 0.0060715; 11.9999996; -0.0000000
117.1535002; -29.4048884; 35.1142500; -1.2238276; 0.0061585; 11.9999996; -0.0000000
117.3534208; -29.2168989; 35.1823580; -1.2225875; 0.0062454; 11.9999996; -0.0000000
117.5533415; -29.0290112; 35.2506946; -1.2213302; 0.0063321; 11.9999996; -0.0000000
117.7532621; -28.8412251; 35.3192636; -1.2200557; 0.0064186; 11.9999996; -0.0000000
117.9531828; -28.6535407; 35.3880685; -1.2187640; 0.0065050; 11.9999996; -0.0000000
118.1531034; -28.4659578; 35.4571130; -1.2174551; 0.0065912; 11.9999996; -0.0000000
118.3530241; -28.2784762; 35.5264008; -1.2161291; 0.0066772; 11.9999996; -0.0000000
118.5529447; -28.0910333; 35.5959586; -1.2147889; 0.0067288; 11.9999996; -0.0000000
118.7528654; -27.9036898; 35.6657664; -1.2134386; 0.0067794; 11.9999996; -0.0000000
118.9527860; -27.7164463; 35.7358261; -1.2120782; 0.0068298; 11.9999996; -0.0000000
119.1527067; -27.5293024; 35.8061400; -1.2107077; 0.0068800; 11.9999996; -0.0000000
119.3526273; -27.3422573; 35.8767105; -1.2093273; 0.0069300; 11.9999996; -0.0000000
119.5525480; -27.1553104; 35.9475399; -1.2079369; 0.0069797; 11.9999996; -0.0000000
119.7524686; -26.9684610; 36.0186307; -1.2065366; 0.0070292; 11.9999996; -0.0000000
119.9523893; -26.7817286; 36.0899776; -1.2051266; 0.0070790; 11.9999996; 0.0000000
120.1523099; -26.5951138; 36.1615823; -1.2037066; 0.0071292; 11.9999996; 0.0000000
120.3522306; -26.4085928; 36.2334560; -1.2022765; 0.0071789; 11.9999996; 0.0000000
120.5521512; -26.2221639; 36.3056018; -1.2008365; 0.0072282; 11.9999996; 0.0000000
120.7520719; -26.0358253; 36.3780223; -1.1993866; 0.0072770; 11.9999996; 0.0000000
120.9519925; -25.8495751; 36.4507206; -1.1979269; 0.0073253; 11.9999996; 0.0000000
121.1519131; -25.6634114; 36.5236994; -1.1964573; 0.0073732; 11.9999996; 0.0000000
121.3518338; -25.4773326; 36.5969617; -1.1949781; 0.0074205; 11.9999996; 0.0000000
121.5517544; -25.2915142; 36.6704378; -1.1935223; 0.0071411; 11.9999996; 0.0000000
121.7516751; -25.1057782; 36.7441880; -1.1921241; 0.0068524; 11.9999996; 0.0000000
121.9515957; -24.9201142; 36.8182041; -1.1907833; 0.0065636; 11.9999996; 0.0000000
122.1515164; -24.7345165; 36.8924761; -1.1895001; 0.0062749; 11.9999996; 0.0000000
122.3514370; -24.5489798; 36.9669939; -1.1882743; 0.0059862; 11.9999996; 0.0000000
122.5513577; -24.3634984; 37.0417475; -1.1871061; 0.0056975; 11.9999996; 0.0000000
122.7512783; -24.1780670; 37.1167266; -1.1859953; 0.0054090; 11.9999996; 0.0000000
122.9511990; -23.9928043; 37.1918708; -1.1849404; 0.0051732; 11.9999996; 0.0000000
123.1511196; -23.8077277; 37.2671627; -1.1839241; 0.0049991; 11.9999996; 0.0000000
123.3510403; -23.6226885; 37.3426548; -1.1829425; 0.0048252; 11.9999996; 0.0000000
123.5509609; -23.4376843; 37.4183408; -1.1819953; 0.0046514; 11.9999996; 0.0000000
123.7508816; -23.2527125; 37.4942145; -1.1810828; 0.0044778; 11.9999996; 0.0000000
123.9508022; -23.0677704; 37.5702694; -1.1802047; 0.0043043; 11.9999996; 0.0000000
124.1507229; -22.8828556; 37.6464994; -1.1793611; 0.0041311; 11.9999996; 0.0000000
124.3506435; -22.6979653; 37.7228980; -1.1785520; 0.0039580; 11.9999996; 0.0000000
124.5505642; -22.5133681; 37.7993467; -1.1777768; 0.0038029; 11.9999996; 0.0000000
124.7504848; -22.3288085; 37.8759441; -1.1770322; 0.0036492; 11.9999996; 0.0000000
124.9504055; -22.1442664; 37.9526922; -1.1763183; 0.0034956; 11.9999996; 0.0000000
125.1503261; -21.9597394; 38.0295852; -1.1756348; 0.0033422; 11.9999996; 0.0000000
125.3502468; -21.7752253; 38.1066176; -1.1749818; 0.0031890; 11.9999996; 0.0000000
125.5501674; -21.5907219; 38.1837837; -1.1743594; 0.0030359; 11.9999996; 0.0000000
125.7500881; -21.4062267; 38.2610780; -1.1737674; 0.0028830; 11.9999996; 0.0000001
125.9500087; -21.2218545; 38.3384459; -1.1732063; 0.0027281; 11.9999996; 0.0000002
126.1499294; -21.0376590; 38.4158576; -1.1726770; 0.0025703; 11.9999996; 0.0000002
126.3498500; -20.8534650; 38.4933802; -1.1721791; 0.0024127; 11.9999996; 0.0000002
126.5497707; -20.6692700; 38.5710077; -1.1717126; 0.0022552; 11.9999996; 0.0000002
126.7496913; -20.4850717; 38.6487344; -1.1712774; 0.0020979; 11.9999996; 0.0000002
126.9496120; -20.3008677; 38.7265545; -1.1708736; 0.0019408; 11.9999996; 0.0000002
127.1495326; -20.1166558; 38.8044623; -1.1705012; 0.0017838; 11.9999996; 0.0000002
127.3494533; -19.9324334; 38.8824520; -1.1701600; 0.0016270; 11.9999996; -4.0467150
127.5493739; -19.7484422; 38.9604145; -1.1698477; 0.0015034; 11.9323907; -4.6953460
127.7492946; -19.5644776; 39.0384311; -1.1695591; 0.0013856; 11.8534617; -4.6641847
127.9492152; -19.3804972; 39.1165144; -1.1692939; 0.0012679; 11.7745327; -4.6330234
128.1491359; -19.1964996; 39.1946601; -1.1690522; 0.0011503; 11.6956037; -4.6018621
128.3490565; -19.0124832; 39.2728637; -1.1688340; 0.0010329; 11.6166748; -4.5707008
128.5489772; -18.8284468; 39.3511207; -1.1686391; 0.0009155; 11.5377458; -4.5395396
128.7488978; -18.6443887; 39.4294267; -1.1684677; 0.0007983; 11.4588168; -5.7667760
128.9488185; -18.4603932; 39.5077408; -1.1683201; 0.0006731; 11.3577589; -8.6373688
129.1487391; -18.2765736; 39.5860091; -1.1682000; 0.0005291; 11.2046914; -8.5201740
129.3486597; -18.0927248; 39.6643129; -1.1681086; 0.0003852; 11.0516240; -8.4029793
129.5485804; -17.9088428; 39.7426475; -1.1680460; 0.0002414; 10.8985565; -8.2857846
129.7485010; -17.7249236; 39.8210085; -1.1680121; 0.0000978; 10.7454891; -8.1685899
129.9484217; -17.5409631; 39.8993913; -1.1680069; -0.0000456; 10.5924216; -8.0513952
130.1483423; -17.3569574; 39.9777913; -1.1680303; -0.0001889; 10.4393542; -7.9342004
130.3482630; -17.1729025; 40.0562041; -1.1680824; -0.0003320; 10.2862867; -7.8930047
130.5481836; -16.9890264; 40.1345272; -1.1681475; -0.0002617; 10.1317198; -7.8013800
130.7481043; -16.8051865; 40.2128235; -1.1681849; -0.0001121; 9.9765942; -7.6810125
130.9480249; -16.6213025; 40.2911338; -1.1681923; 0.0000372; 9.8214686; -7.5606450
131.1479456; -16.4373799; 40.3694620; -1.1681700; 0.0001865; 9.6663430; -7.4402775
131.3478662; -16.2534246; 40.4478123; -1.1681178; 0.0003355; 9.5112174; -7.3199101
131.5477869; -16.0694422; 40.5261888; -1.1680358; 0.0004845; 9.3560919; -7.1995426
131.7477075; -15.8854386; 40.6045953; -1.1679240; 0.0006334; 9.2009663; -7.1117429
131.9476282; -15.7014739; 40.6830128; -1.1677840; 0.0006761; 9.0451209; -7.1780222
132.1475488; -15.5178111; 40.7613276; -1.1677069; 0.0000959; 8.8850516; -7.0498604
132.3474695; -15.3341069; 40.8396642; -1.1677456; -0.0004836; 8.7249823; -6.9216987
132.5473901; -15.1503347; 40.9180089; -1.1679001; -0.0010620; 8.5649131; -6.7935370
132.7473108; -14.9664676; 40.9963480; -1.1681700; -0.0016388; 8.4048438; -6.6653753
132.9472314; -14.7824788; 41.0746676; -1.1685552; -0.0022134; 8.2447745; -6.5372136
133.1471521; -14.5983415; 41.1529542; -1.1690553; -0.0027854; 8.0847052; -6.4090519
133.3470727; -14.4140290; 41.2311940; -1.1696701; -0.0033543; 7.9246360; -6.3268286
133.5469934; -14.2298023; 41.3092466; -1.1705193; -0.0061414; 7.7633838; -6.2339894
133.7469140; -14.0455906; 41.3870235; -1.1722093; -0.0107609; 7.6011526; -6.1023424
133.9468347; -13.8611373; 41.4644351; -1.1748241; -0.0153834; 7.4389215; -5.9706955
134.1467553; -13.6764238; 41.5412880; -1.1783653; -0.0200203; 7.2766903; -5.8390485
134.3466760; -13.4914316; 41.6173891; -1.1828357; -0.0246823; 7.1144592; -5.7074016
134.5465966; -13.3061423; 41.6925451; -1.1882399; -0.0293797; 6.9522280; -5.5757546
134.7465173; -13.1205372; 41.7665627; -1.1945835; -0.0341219; 6.7899969; -5.4441076
134.9464379; -12.9345979; 41.8392487; -1.2018733; -0.0389171; 6.6277657; -5.4034464
135.1463586; -12.7485409; 41.9103450; -1.2097419; -0.0397895; 6.4627206; -5.2741708
135.3462792; -12.5620180; 41.9799312; -1.2177094; -0.0402320; 6.2974540; -5.1375513
135.5461999; -12.3748667; 42.0480494; -1.2257557; -0.0405480; 6.1321873; -5.0009317
135.7461205; -12.1869441; 42.1147340; -1.2338620; -0.0407356; 5.9669207; -4.8643122
135.9460412; -11.9981072; 42.1800198; -1.2420091; -0.0407940; 5.8016540; -4.7276927
136.1459618; -11.8082132; 42.2439410; -1.2501779; -0.0407242; 5.6363874; -4.5910731
136.3458825; -11.6171192; 42.3065324; -1.2583493; -0.0405282; 5.4711207; -4.1374004
136.5458031; -11.4239257; 42.3680622; -1.2667114; -0.0459943; 5.3177870; -3.2838480
136.7457238; -11.2277149; 42.4284775; -1.2781581; -0.0656733; 5.1928644; -3.2057888
136.9456444; -11.0309495; 42.4861679; -1.2937510; -0.0867263; 5.0679418; -3.1277295
137.1455650; -10.8343451; 42.5400380; -1.3137555; -0.1100173; 4.9430191; -3.0496702
137.3454857; -10.6386176; 42.5889920; -1.3385567; -0.1365024; 4.8180965; -2.9716109
137.5454063; -10.4444828; 42.6319344; -1.3686678; -0.1672722; 4.6931739; -2.8935517
137.7453270; -10.2526565; 42.6677695; -1.4047413; -0.2035779; 4.5682513; -2.8154924
137.9452476; -10.0638544; 42.6954019; -1.4475770; -0.2468202; 4.4433287; -3.4766245
138.1451683; -9.8551065; 42.7154586; -1.5037541; -0.2863728; 4.2840485; -3.5674870
138.3450889; -9.6446776; 42.7229296; -1.5683152; -0.3278078; 4.1142002; -3.4231875
138.5450096; -9.4405768; 42.7162899; -1.6398894; -0.3739786; 3.9443518; -3.2788879
138.7449302; -9.2433623; 42.6949468; -1.7189521; -0.4235863; 3.7745035; -3.1345884
138.9448509; -9.0535921; 42.6583073; -1.8057222; -0.4740874; 3.6046551; -2.9902888
139.1447715; -8.8718243; 42.6057788; -1.9000147; -0.5214815; 3.4348068; -1.5024785
139.3446922; -8.6962297; 42.5356782; -2.0022300; -0.5502524; 3.3462135; 1.3734202
139.5446128; -8.5251178; 42.4456016; -2.1082512; -0.5431793; 3.4272868; 1.4062977
139.7445335; -8.3638274; 42.3377047; -2.2118191; -0.5216027; 3.5083601; 1.4391752
139.9444541; -8.2124242; 42.2124169; -2.3112780; -0.4887183; 3.5894334; 1.4720526
140.1443748; -8.0709736; 42.0701673; -2.4053980; -0.4485859; 3.6705068; 1.5049301
140.3442954; -7.9395410; 41.9113853; -2.4934186; -0.4051679; 3.7515801; 1.6038190
140.5442161; -7.8211517; 41.7411433; -2.5729785; -0.3600799; 3.8360952; 2.0163219
140.7441367; -7.7274994; 41.5839275; -2.6341867; -0.3100137; 3.9397760; 2.0700918
140.9440574; -7.6404714; 41.4166026; -2.6883976; -0.2660193; 4.0434568; 2.1238617
141.1439780; -7.5597112; 41.2398733; -2.7362845; -0.2279746; 4.1471376; 2.1776316
141.3438987; -7.4848624; 41.0544440; -2.7785147; -0.1953744; 4.2508185; 2.2314015
141.5438193; -7.4155686; 40.8610193; -2.8157126; -0.1675542; 4.3544993; 2.2851714
141.7437400; -7.3514732; 40.6603036; -2.8484418; -0.1438213; 4.4581801; 2.3389413
141.9436606; -7.2922197; 40.4530015; -2.8771989; -0.1235231; 4.5618609; 2.5114197
142.1435813; -7.2421628; 40.2590918; -2.9000844; -0.1046947; 4.6706257; 2.6125914
142.3435019; -7.1970169; 40.0678223; -2.9189712; -0.0879283; 4.7811470; 2.6736904
142.5434226; -7.1546978; 39.8734542; -2.9349634; -0.0731792; 4.8916683; 2.7347894
142.7433432; -7.1148756; 39.6767419; -2.9483016; -0.0599729; 5.0021895; 2.7958884
142.9432639; -7.0772206; 39.4784398; -2.9591719; -0.0479019; 5.1127108; 2.8569874
143.1431845; -7.0414030; 39.2793023; -2.9677110; -0.0366056; 5.2232321; 2.9180864
143.3431052; -7.0070930; 39.0800835; -2.9740095; -0.0257510; 5.3337534; 2.9791854
143.5430258; -6.9739608; 38.8815380; -2.9781142; -0.0150148; 5.4442746; 3.2839603
143.7429465; -6.9412207; 38.6816083; -2.9801413; -0.0069578; 5.5635590; 3.8790988
143.9428671; -6.9081594; 38.4777877; -2.9813534; -0.0047589; 5.7012466; 3.9739258
144.1427878; -6.8756369; 38.2760427; -2.9820912; -0.0024368; 5.8389342; 4.0687528
144.3427084; -6.8435456; 38.0763438; -2.9823391; 0.0000108; 5.9766218; 4.1635798
144.5426291; -6.8117778; 37.8786618; -2.9820817; 0.0025858; 6.1143094; 4.2584068
144.7425497; -6.7802257; 37.6829674; -2.9813037; 0.0052899; 6.2519970; 4.3532337
144.9424704; -6.7487819; 37.4892311; -2.9799899; 0.0081243; 6.3896846; 4.4480607
145.1423910; -6.7173384; 37.2974236; -2.9781252; 0.0110899; 6.5273721; 4.5032250
145.3423116; -6.6851697; 37.1038216; -2.9756757; 0.0129680; 6.6638699; 4.4810322
145.5422323; -6.6510585; 36.9017019; -2.9731816; 0.0113451; 6.7969746; 4.5696516
145.7421529; -6.6168059; 36.7015667; -2.9710521; 0.0096092; 6.9300793; 4.6582711
145.9420736; -6.5824711; 36.5032676; -2.9693018; 0.0077655; 7.0631840; 4.7468906
146.1419942; -6.5481136; 36.3066566; -2.9679440; 0.0058208; 7.1962887; 4.8355100
146.3419149; -6.5137925; 36.1115852; -2.9669912; 0.0037830; 7.3293934; 4.9241295
146.5418355; -6.4795673; 35.9179053; -2.9664543; 0.0016611; 7.4624981; 5.0127490
146.7417562; -6.4454972; 35.7254686; -2.9663429; -0.0005344; 7.5956028; 4.7412310
146.9416768; -6.4104916; 35.5276645; -2.9665311; -0.0008864; 7.7193862; 4.7032179
147.1415975; -6.3753522; 35.3288992; -2.9666853; -0.0006402; 7.8402464; 4.7762828
147.3415181; -6.3404114; 35.1311086; -2.9667886; -0.0003864; 7.9611066; 4.8493478
147.5414388; -6.3056404; 34.9341899; -2.9668399; -0.0001261; 8.0819668; 4.9224128
147.7413594; -6.2710102; 34.7380402; -2.9668387; 0.0001396; 8.2028271; 4.9954777
147.9412801; -6.2364920; 34.5425567; -2.9667843; 0.0004096; 8.3236873; 5.0685427
148.1412007; -6.2020570; 34.3476364; -2.9666762; 0.0006826; 8.4445475; 4.8792382
148.3411214; -6.1673687; 34.1514355; -2.9665222; 0.0007951; 8.5592817; 4.7546387
148.5410420; -6.1324922; 33.9543525; -2.9663635; 0.0007903; 8.6696254; 4.8155415
148.7409627; -6.0976300; 33.7575311; -2.9662062; 0.0007837; 8.7799691; 4.8764443
148.9408833; -6.0627635; 33.5608648; -2.9660505; 0.0007754; 8.8903128; 4.9373471
149.1408040; -6.0278742; 33.3642471; -2.9658966; 0.0007654; 9.0006564; 4.9982499
149.3407246; -5.9929436; 33.1675713; -2.9657449; 0.0007537; 9.1110001; 5.0591527
149.5406453; -5.9579532; 32.9707308; -2.9655955; 0.0007405; 9.2213438; 4.8591964
149.7405659; -5.9231150; 32.7749090; -2.9654779; 0.0001678; 9.3260972; 4.6633360
149.9404866; -5.8884204; 32.5799275; -2.9655534; -0.0009272; 9.4255336; 4.7127936
150.1404072; -5.8536702; 32.3844256; -2.9658449; -0.0020055; 9.5249699; 4.7622512
150.3403279; -5.8188840; 32.1882675; -2.9663501; -0.0030609; 9.6244063; 4.8117087
150.5402485; -5.7840815; 31.9913174; -2.9670656; -0.0040879; 9.7238427; 4.8611663
150.7401692; -5.7492821; 31.7934395; -2.9679873; -0.0050809; 9.8232791; 4.9106239
150.9400898; -5.7145054; 31.5944979; -2.9691106; -0.0060351; 9.9227155; 4.7622220
151.1400105; -5.6802227; 31.3969723; -2.9703923; -0.0063794; 10.0182042; 4.4389164
151.3399311; -5.6468190; 31.2030694; -2.9715780; -0.0056768; 10.1063978; 4.4778224
151.5398518; -5.6134404; 31.0080065; -2.9726337; -0.0049962; 10.1945915; 4.5167285
151.7397724; -5.5800678; 30.8118084; -2.9735619; -0.0043360; 10.2827851; 4.5556345
151.9396931; -5.5466820; 30.6145001; -2.9743651; -0.0036952; 10.3709788; 4.5945405
152.1396137; -5.5132640; 30.4161065; -2.9750456; -0.0030726; 10.4591724; 4.6334466
152.3395344; -5.4797944; 30.2166527; -2.9756054; -0.0024671; 10.5473661; 4.6723526
152.5394550; -5.4462543; 30.0161635; -2.9760467; -0.0018776; 10.6355597; 4.2712283
152.7393757; -5.4136948; 29.8210786; -2.9763756; -0.0014629; 10.7155468; 4.2615033
152.9392963; -5.3811448; 29.6257023; -2.9766266; -0.0010737; 10.7947612; 4.2928903
153.1392170; -5.3484978; 29.4294855; -2.9768022; -0.0006936; 10.8739755; 4.3242774
153.3391376; -5.3157476; 29.2324798; -2.9769034; -0.0003218; 10.9531899; 4.3556644
153.5390582; -5.2828879; 29.0347371; -2.9769313; 0.0000429; 11.0324042; 4.3870514
153.7389789; -5.2499125; 28.8363088; -2.9768864; 0.0004014; 11.1116186; 4.4184384
153.9388995; -5.2168153; 28.6372468; -2.9767697; 0.0007546; 11.1908329; 4.3370613
154.1388202; -5.1837382; 28.4384926; -2.9765804; 0.0012096; 11.2680468; 3.9378022
154.3387408; -5.1510845; 28.2425850; -2.9762556; 0.0020592; 11.3376970; 3.9620677
154.5386615; -5.1182710; 28.0462143; -2.9757617; 0.0029002; 11.4073473; 3.9863331
154.7385821; -5.0852708; 27.8494262; -2.9750997; 0.0037342; 11.4769976; 4.0105985
154.9385028; -5.0520571; 27.6522663; -2.9742701; 0.0045628; 11.5466478; 4.0348639
155.1384234; -5.0186030; 27.4547806; -2.9732735; 0.0053876; 11.6162981; 4.0591293
155.3383441; -4.9848817; 27.2570146; -2.9721101; 0.0062101; 11.6859483; 4.0833948
155.5382647; -4.9508662; 27.0590141; -2.9707799; 0.0070318; 11.7555986; 1.0651066
155.7381854; -4.9166270; 26.8613847; -2.9692717; 0.0083161; 11.7736983; -4.8934492
155.9381060; -4.8822149; 26.6647195; -2.9673925; 0.0105077; 11.6903109; -4.8586680
156.1380267; -4.8473627; 26.4679719; -2.9650740; 0.0126990; 11.6069235; -4.8238869
156.3379473; -4.8119903; 26.2711967; -2.9623158; 0.0148937; 11.5235361; -4.7891058
156.5378680; -4.7760175; 26.0744490; -2.9591169; 0.0170954; 11.4401487; -4.7543247
156.7377886; -4.7393643; 25.8777835; -2.9554758; 0.0193077; 11.3567612; -4.7195436
156.9377093; -4.7019505; 25.6812552; -2.9513908; 0.0215338; 11.2733738; -4.6847625
157.1376299; -4.6636962; 25.4849189; -2.9468593; 0.0237771; 11.1899864; -5.0575936
157.3375506; -4.6244662; 25.2885587; -2.9418697; 0.0260930; 11.0992595; -5.6274261
157.5374712; -4.5841459; 25.0920959; -2.9363942; 0.0285150; 10.9974308; -5.5755601
157.7373919; -4.5427322; 24.8960047; -2.9304340; 0.0309687; 10.8956021; -5.5236941
157.9373125; -4.5001408; 24.7003493; -2.9239843; 0.0334577; 10.7937734; -5.4718281
158.1372332; -4.4562874; 24.5051940; -2.9170400; 0.0359852; 10.6919447; -5.4199621
158.3371538; -4.4110879; 24.3106028; -2.9095953; 0.0385545; 10.5901160; -5.3680961
158.5370745; -4.3644580; 24.1166400; -2.9016442; 0.0411683; 10.4882873; -5.3162301
158.7369951; -4.3163134; 23.9233698; -2.8931803; 0.0438292; 10.3864586; -4.8676210
158.9369158; -4.2662179; 23.7295153; -2.8841655; 0.0458819; 10.2923392; -4.4082661
159.1368364; -4.2140590; 23.5350834; -2.8747882; 0.0472913; 10.2063528; -4.3712832
159.3367571; -4.1601652; 23.3415582; -2.8651421; 0.0487519; 10.1203665; -4.3343003
159.5366777; -4.1045060; 23.1490030; -2.8552195; 0.0502657; 10.0343802; -4.2973174
159.7365984; -4.0470507; 22.9574810; -2.8450128; 0.0518343; 9.9483939; -4.2603345
159.9365190; -3.9877690; 22.7670557; -2.8345139; 0.0534594; 9.8624076; -4.2233516
160.1364397; -3.9266303; 22.5777903; -2.8237147; 0.0551426; 9.7764213; -4.1863687
160.3363603; -3.8636041; 22.3897482; -2.8126068; 0.0568855; 9.6904350; -3.9471124
160.5362810; -3.7975748; 22.1999246; -2.8010281; 0.0581828; 9.6086582; -3.8223171
160.7362016; -3.7290429; 22.0101048; -2.7891737; 0.0593056; 9.5287980; -3.7904162
160.9361223; -3.6584864; 21.8217544; -2.7771278; 0.0604848; 9.4489379; -3.7585154
161.1360429; -3.5859032; 21.6349326; -2.7648820; 0.0617220; 9.3690777; -3.7266145
161.3359635; -3.5112913; 21.4496986; -2.7524280; 0.0630184; 9.2892176; -3.6947136
161.5358842; -3.4346486; 21.2661113; -2.7397569; 0.0643754; 9.2093574; -3.6628127
161.7358048; -3.3559731; 21.0842298; -2.7268602; 0.0657945; 9.1294972; -3.6198331
161.9357255; -3.2750843; 20.9037223; -2.7137002; 0.0672445; 9.0498818; -3.4430391
162.1356461; -3.1897375; 20.7199327; -2.6999661; 0.0683136; 8.9734994; -3.4138562
162.3355668; -3.1022365; 20.5381216; -2.6860714; 0.0694194; 8.8971170; -3.3846732
162.5354874; -3.0125913; 20.3583303; -2.6720107; 0.0705622; 8.8207346; -3.3554903
162.7354081; -2.9208121; 20.1806001; -2.6577789; 0.0717421; 8.7443522; -3.3263073
162.9353287; -2.8269091; 20.0049722; -2.6433704; 0.0729591; 8.6679698; -3.2971244
163.1352494; -2.7308922; 19.8314878; -2.6287801; 0.0742134; 8.5915874; -3.2679415
163.3351700; -2.6327716; 19.6601882; -2.6140027; 0.0755048; 8.5152050; -3.0147815
163.5350907; -2.5303805; 19.4875054; -2.5987060; 0.0768999; 8.4441271; -2.8861948
163.7350113; -2.4247688; 19.3155168; -2.5830418; 0.0783220; 8.3755156; -2.8626478
163.9349320; -2.3169191; 19.1459409; -2.5671600; 0.0797284; 8.3069042; -2.8391009
164.1348526; -2.2068229; 18.9787959; -2.5510634; 0.0811152; 8.2382927; -2.8155539
164.3347733; -2.0944718; 18.8140998; -2.5347553; 0.0824781; 8.1696813; -2.7920069
164.5346939; -1.9798574; 18.6518708; -2.5182393; 0.0838126; 8.1010699; -2.7684599
164.7346146; -1.8629714; 18.4921269; -2.5015199; 0.0851141; 8.0324584; -2.0203226
164.9345352; -1.7425720; 18.3332894; -2.4843937; 0.0870347; 7.9820160; -1.3422133
165.1344559; -1.6186361; 18.1755659; -2.4666914; 0.0894398; 7.9483274; -1.3365364
165.3343765; -1.4921898; 18.0204508; -2.4485650; 0.0916818; 7.9146387; -1.3308595
165.5342972; -1.3631439; 17.8679418; -2.4300397; 0.0937414; 7.8809500; -1.3251826
165.7342178; -1.2314093; 17.7180365; -2.4111431; 0.0956003; 7.8472613; -1.3195058
165.9341385; -1.0968967; 17.5707328; -2.3919051; 0.0972414; 7.8135726; -1.3138289
166.1340591; -0.9595168; 17.4260284; -2.3723577; 0.0986491; 7.7798839; -1.2167398
166.3339798; -0.8197224; 17.2844586; -2.3526135; 0.0997583; 7.7485541; -1.1193351
166.5339004; -0.6774856; 17.1460145; -2.3327230; 0.1006304; 7.7196201; -1.1151475
166.7338211; -0.5322163; 17.0101673; -2.3126352; 0.1013352; 7.6906861; -1.1109600
166.9337417; -0.3838631; 16.8769440; -2.2923735; 0.1018667; 7.6617521; -1.1067724
167.1336624; -0.2323743; 16.7463718; -2.2719620; 0.1022200; 7.6328181; -1.1025849
167.3335830; -0.0776985; 16.6184780; -2.2514255; 0.1023919; 7.6038841; -1.0983974
167.5335037; 0.0802159; 16.4932896; -2.2307895; 0.1023802; 7.5749500; -0.9344068
167.7334243; 0.2394414; 16.3723057; -2.2103343; 0.1021388; 7.5502486; -0.7090293
167.9333450; 0.3990689; 16.2560500; -2.1901957; 0.1018306; 7.5314510; -0.7072619
168.1332656; 0.5617555; 16.1425131; -2.1700185; 0.1015895; 7.5126535; -0.7054944
168.3331863; 0.7274511; 16.0317851; -2.1497914; 0.1014107; 7.4938559; -0.7037270
168.5331069; 0.8961058; 15.9239563; -2.1295038; 0.1012895; 7.4750583; -0.7019596
168.7330276; 1.0676698; 15.8191169; -2.1091459; 0.1012210; 7.4562608; -0.7001921
168.9329482; 1.2420930; 15.7173570; -2.0887081; 0.1012005; 7.4374632; -0.6647067
169.1328689; 1.4186552; 15.6191307; -2.0682593; 0.1011972; 7.4195742; -0.4316120
169.3327895; 1.5932684; 15.5265614; -2.0482710; 0.1010935; 7.4079353; -0.4309344
169.5327101; 1.7703980; 15.4371540; -2.0282140; 0.1010918; 7.3962964; -0.4302568
169.7326308; 1.9499658; 15.3509994; -2.0080717; 0.1011870; 7.3846574; -0.4295792
169.9325514; 2.1318936; 15.2681888; -1.9878280; 0.1013739; 7.3730185; -0.4289016
170.1324721; 2.3161030; 15.1888132; -1.9674678; 0.1016474; 7.3613796; -0.4282240
170.3323927; 2.5025160; 15.1129637; -1.9469761; 0.1020022; 7.3497407; -0.4275464
170.5323134; 2.6910543; 15.0407313; -1.9263391; 0.1024331; 7.3381017; -0.2658060
170.7322340; 2.8790534; 14.9731054; -1.9058672; 0.1022386; 7.3308565; -0.1644057
170.9321547; 3.0673070; 14.9096875; -1.8856107; 0.1017226; 7.3263716; -0.1643051
171.1320753; 3.2573127; 14.8499325; -1.8653903; 0.1013309; 7.3218867; -0.1642045
171.3319960; 3.4489610; 14.7938909; -1.8451858; 0.1010607; 7.3174018; -0.1641039
171.5319166; 3.6421421; 14.7416137; -1.8249773; 0.1009087; 7.3129169; -0.1640033
171.7318373; 3.8367464; 14.6931516; -1.8047455; 0.1008724; 7.3084320; -0.1639027
171.9317579; 4.0326642; 14.6485554; -1.7844712; 0.1009487; 7.3039471; -0.1638021
172.1316786; 4.2297858; 14.6078760; -1.7641354; 0.1011350; 7.2994622; 0.1917397
172.3315992; 4.4258256; 14.5715378; -1.7440509; 0.1002727; 7.3047118; 0.2175893
172.5315199; 4.6226635; 14.5391091; -1.7241320; 0.0994396; 7.3106645; 0.2177665
172.7314405; 4.8203411; 14.5105602; -1.7043446; 0.0987194; 7.3166172; 0.2179438
172.9313612; 5.0187436; 14.4858917; -1.6846699; 0.0981119; 7.3225699; 0.2181210
173.1312818; 5.2177563; 14.4651044; -1.6650892; 0.0976169; 7.3285226; 0.2182983
173.3312025; 5.4172643; 14.4481989; -1.6455839; 0.0972344; 7.3344753; 0.2184755
173.5311231; 5.6171530; 14.4351760; -1.6261353; 0.0969642; 7.3404281; 0.2464305
173.7310438; 5.8172772; 14.4260375; -1.6067292; 0.0967042; 7.3471367; 0.3927770
173.9309644; 6.0173947; 14.4207777; -1.5874412; 0.0960097; 7.3578166; 0.3933475
174.1308851; 6.2175578; 14.4193653; -1.5682842; 0.0954120; 7.3684966; 0.3939180
174.3308057; 6.4176602; 14.4217749; -1.5492420; 0.0949122; 7.3791766; 0.3944886
174.5307264; 6.6175953; 14.4279815; -1.5302980; 0.0945118; 7.3898565; 0.3950591
174.7306470; 6.8172567; 14.4379598; -1.5114355; 0.0942120; 7.4005365; 0.3956296
174.9305677; 7.0165379; 14.4516846; -1.4926375; 0.0940141; 7.4112165; 0.3962002
175.1304883; 7.2153324; 14.4691308; -1.4738871; 0.0939195; 7.4218964; 0.4466266
175.3304090; 7.4142441; 14.4903554; -1.4551107; 0.0936426; 7.4339173; 0.5289217
175.5303296; 7.6136150; 14.5154218; -1.4363618; 0.0929783; 7.4481280; 0.5299319
175.7302503; 7.8121924; 14.5441639; -1.4177663; 0.0923871; 7.4623388; 0.5309420
175.9301709; 8.0098882; 14.5765278; -1.3993113; 0.0918715; 7.4765495; 0.5319521
176.1300916; 8.2066140; 14.6124593; -1.3809836; 0.0914343; 7.4907602; 0.5329622
176.3300122; 8.4022817; 14.6519043; -1.3627696; 0.0910782; 7.5049710; 0.5339724
176.5299329; 8.5968030; 14.6948088; -1.3446554; 0.0908057; 7.5191817; 0.5349825
176.7298535; 8.7900897; 14.7411185; -1.3266268; 0.0906196; 7.5333924; 0.5424289
176.9297742; 8.9843461; 14.7913946; -1.3084614; 0.0904154; 7.5477736; 0.5466041
177.1296948; 9.1782845; 14.8453670; -1.2902815; 0.0902056; 7.5622379; 0.5476506
177.3296155; 9.3707195; 14.9027010; -1.2721861; 0.0900364; 7.5767021; 0.5486971
177.5295361; 9.5615891; 14.9633416; -1.2541676; 0.0899102; 7.5911664; 0.5497435
177.7294567; 9.7508318; 15.0272340; -1.2362177; 0.0898297; 7.6056306; 0.5507900
177.9293774; 9.9383858; 15.0943233; -1.2183282; 0.0897973; 7.6200949; 0.5518365
178.1292980; 10.1241894; 15.1645547; -1.2004902; 0.0898156; 7.6345591; 0.4791063
178.3292187; 10.3085577; 15.2380272; -1.1826578; 0.0899193; 7.6470948; -0.1838067
178.5291393; 10.4944058; 15.3159929; -1.1644939; 0.0903271; 7.6422880; -0.1836912
178.7290600; 10.6782794; 15.3970916; -1.1463020; 0.0907126; 7.6374812; -0.1835756
178.9289806; 10.8601519; 15.4812952; -1.1280845; 0.0910757; 7.6326743; -0.1834600
179.1289013; 11.0399967; 15.5685757; -1.1098433; 0.0914164; 7.6278675; -0.1833445
179.3288219; 11.2177871; 15.6589049; -1.0915806; 0.0917346; 7.6230607; -0.1832289
179.5287426; 11.3934967; 15.7522546; -1.0732984; 0.0920304; 7.6182538; -0.1831133
179.7286632; 11.5670988; 15.8485969; -1.0549986; 0.0923037; 7.6134470; -0.3850715
179.9285839; 11.7402162; 15.9488920; -1.0362625; 0.0961156; 7.6033287; -0.4793564
180.1285045; 11.9118161; 16.0527733; -1.0164292; 0.1016352; 7.5907141; -0.4785604
180.3284252; 12.0809630; 16.1599372; -0.9955231; 0.1071775; 7.5780996; -0.4777645
180.5283458; 12.2475090; 16.2705279; -0.9735422; 0.1127129; 7.5654850; -0.4769685
180.7282665; 12.4113060; 16.3846894; -0.9504887; 0.1182056; 7.5528704; -0.4761726
180.9281871; 12.5722060; 16.5025661; -0.9263699; 0.1236140; 7.5402558; -0.4753766
181.1281078; 12.7300610; 16.6243020; -0.9011991; 0.1288907; 7.5276412; 0.6243189
181.3280284; 12.8844180; 16.7497804; -0.8752455; 0.1285586; 7.5442038; 2.5520201
181.5279491; 13.0351052; 16.8787695; -0.8507411; 0.1184554; 7.6115316; 2.5746943
181.7278697; 13.1829549; 17.0114775; -0.8282348; 0.1080740; 7.6788595; 2.5973685
181.9277904; 13.3282700; 17.1476620; -0.8077590; 0.0975379; 7.7461873; 2.6200427
182.1277110; 13.4713531; 17.2870807; -0.7893311; 0.0869511; 7.8135152; 2.6427169
182.3276317; 13.6125071; 17.4294912; -0.7729559; 0.0763985; 7.8808430; 2.6653911
182.5275523; 13.7520347; 17.5746510; -0.7586286; 0.0659468; 7.9481709; 2.6762584
182.7274730; 13.8902029; 17.7222791; -0.7463389; 0.0556205; 8.0152042; 1.3929474
182.9273936; 14.0234453; 17.8678295; -0.7366434; 0.0427119; 8.0498731; 1.3989594
183.1273143; 14.1560435; 18.0151567; -0.7294313; 0.0301196; 8.0845419; 1.4049715
183.3272349; 14.2883158; 18.1639025; -0.7246656; 0.0178185; 8.1192108; 1.4109835
183.5271556; 14.4205806; 18.3137092; -0.7223128; 0.0057766; 8.1538797; 1.4169955
183.7270762; 14.5531561; 18.4642187; -0.7223434; -0.0060406; 8.1885485; 1.4230076
183.9269969; 14.6863607; 18.6150732; -0.7247326; -0.0176676; 8.2232174; 1.4290196
184.1269175; 14.8205125; 18.7659148; -0.7294596; -0.0291359; 8.2578862; -0.9970572
184.3268382; 14.9546299; 18.9149515; -0.7364309; -0.0404001; 8.2337124; -4.1252889
184.5267588; 15.0885861; 19.0614204; -0.7455496; -0.0514579; 8.1329306; -4.0744838
184.7266795; 15.2243579; 19.2068599; -0.7568795; -0.0624093; 8.0321487; -4.0236787
184.9266001; 15.3622469; 19.3509344; -0.7704090; -0.0732494; 7.9313668; -3.9728736
185.1265208; 15.5025548; 19.4933088; -0.7861243; -0.0839595; 7.8305850; -3.9220685
185.3264414; 15.6455833; 19.6336474; -0.8040085; -0.0945056; 7.7298031; -3.8712635
185.5263620; 15.7916341; 19.7716150; -0.8240387; -0.1048370; 7.6290212; -3.8204584
185.7262827; 15.9410090; 19.9068763; -0.8461838; -0.1148851; 7.5282394; -3.0041784
185.9262033; 16.0919441; 20.0373884; -0.8694937; -0.1160998; 7.4480329; -2.6304509
186.1261240; 16.2454269; 20.1640202; -0.8923533; -0.1137197; 7.3770882; -2.6052752
186.3260446; 16.4021625; 20.2874742; -0.9148322; -0.1116626; 7.3061436; -2.5800995
186.5259653; 16.5619584; 20.4076611; -0.9369801; -0.1099212; 7.2351989; -2.5549238
186.7258859; 16.7246216; 20.5244914; -0.9588461; -0.1084899; 7.1642543; -2.5297481
186.9258066; 16.8899594; 20.6378759; -0.9804787; -0.1073640; 7.0933096; -2.5045724
187.1257272; 17.0577790; 20.7477253; -1.0019261; -0.1065405; 7.0223650; -2.4793967
187.3256479; 17.2278875; 20.8539503; -1.0232359; -0.1060182; 6.9514204; -2.1488523
187.5255685; 17.4012540; 20.9571306; -1.0446915; -0.1069747; 6.8893429; -2.0510003
187.7254892; 17.5768520; 21.0565689; -1.0664388; -0.1086234; 6.8295659; -2.0331267
187.9254098; 17.7541851; 21.1519222; -1.0885097; -0.1106782; 6.7697890; -2.0152532
188.1253305; 17.9330546; 21.2430292; -1.1109683; -0.1131522; 6.7100120; -1.9973797
188.3252511; 18.1132619; 21.3297285; -1.1338801; -0.1160616; 6.6502350; -1.9795062
188.5251718; 18.2946085; 21.4118588; -1.1573128; -0.1194256; 6.5904581; -1.9616327
188.7250924; 18.4768957; 21.4892586; -1.1813361; -0.1232661; 6.5306811; -1.9437592
188.9250131; 18.6599249; 21.5617668; -1.2060224; -0.1276075; 6.4709042; -0.6697301
189.1249337; 18.8516272; 21.6321000; -1.2323920; -0.1306294; 6.4501795; -0.6214294
189.3248544; 19.0440882; 21.6969567; -1.2592380; -0.1337641; 6.4308897; -0.6195682
189.5247750; 19.2368805; 21.7561636; -1.2865466; -0.1370730; 6.4115999; -0.6177070
189.7246957; 19.4298741; 21.8096611; -1.3143446; -0.1405545; 6.3923101; -0.6158457
189.9246163; 19.6229390; 21.8573895; -1.3426584; -0.1442046; 6.3730203; -0.6139845
190.1245370; 19.8159452; 21.8992893; -1.3715136; -0.1480176; 6.3537305; -0.6121233
190.3244576; 20.0087629; 21.9353007; -1.4009347; -0.1519847; 6.3344407; 0.0927293
190.5243783; 20.2049716; 21.9658903; -1.4313763; -0.1529547; 6.3373667; 0.8641197
190.7242989; 20.4048571; 21.9908261; -1.4618958; -0.1499158; 6.3645681; 0.8678208
190.9242196; 20.6044243; 22.0096400; -1.4915778; -0.1460982; 6.3917695; 0.8715218
191.1241402; 20.8037405; 22.0225682; -1.5203194; -0.1415751; 6.4189709; 0.8752229
191.3240609; 21.0028735; 22.0298472; -1.5480284; -0.1364291; 6.4461724; 0.8789239
191.5239815; 21.2018907; 22.0317131; -1.5746250; -0.1307483; 6.4733738; 0.8826250
191.7239022; 21.4008597; 22.0284023; -1.6000412; -0.1246225; 6.5005752; 0.7361182
191.9238228; 21.5996045; 22.0201630; -1.6242459; -0.1200722; 6.5231747; 0.3541923
192.1237435; 21.7977724; 22.0071882; -1.6481155; -0.1202972; 6.5340209; 0.3547808
192.3236641; 21.9959356; 21.9894466; -1.6720658; -0.1204434; 6.5448671; 0.3553692
192.5235848; 22.1940376; 21.9669092; -1.6960881; -0.1205072; 6.5557133; 0.3559576
192.7235054; 22.3920224; 21.9395468; -1.7201733; -0.1204854; 6.5665595; 0.3565460
192.9234261; 22.5898335; 21.9073302; -1.7443117; -0.1203751; 6.5774057; 0.3571345
193.1233467; 22.7874148; 21.8702302; -1.7684932; -0.1201739; 6.5882518; 0.3860553
193.3232674; 22.9844693; 21.8282720; -1.7926768; -0.1197606; 6.5999563; 0.8893043
193.5231880; 23.1769247; 21.7824695; -1.8161205; -0.1172666; 6.6268396; 0.8929193
193.7231086; 23.3689428; 21.7320283; -1.8391660; -0.1149106; 6.6537230; 0.8965343
193.9230293; 23.5604161; 21.6770230; -1.8618355; -0.1126949; 6.6806063; 0.9001493
194.1229499; 23.7512373; 21.6175281; -1.8841518; -0.1106210; 6.7074897; 0.9037643
194.3228706; 23.9412989; 21.5536184; -1.9061377; -0.1086896; 6.7343730; 0.9073793
194.5227912; 24.1304934; 21.4853683; -1.9278163; -0.1069007; 6.7612564; 0.9109943
194.7227119; 24.3187134; 21.4128526; -1.9492107; -0.1052543; 6.7881397; 1.3865488
194.9226325; 24.5036042; 21.3370996; -1.9699828; -0.1021151; 6.8288535; 1.6430839
195.1225532; 24.6861939; 21.2579097; -1.9899225; -0.0982883; 6.8767880; 1.6545770
195.3224738; 24.8675997; 21.1749752; -2.0091604; -0.0946338; 6.9247225; 1.6660701
195.5223945; 25.0477579; 21.0884586; -2.0277228; -0.0911520; 6.9726570; 1.6775633
195.7223151; 25.2266046; 20.9985226; -2.0456362; -0.0878417; 7.0205914; 1.6890564
195.9222358; 25.4040761; 20.9053295; -2.0629268; -0.0847006; 7.0685259; 1.7005495
196.1221564; 25.5801084; 20.8090421; -2.0796205; -0.0817253; 7.1164604; 1.7800242
196.3220771; 25.7545592; 20.7098684; -2.0957354; -0.0788884; 7.1662916; 2.2846293
196.5219977; 25.9268990; 20.6082579; -2.1112267; -0.0759832; 7.2297458; 2.3047694
196.7219184; 26.0976878; 20.5040307; -2.1261438; -0.0731364; 7.2932001; 2.3249096
196.9218390; 26.2669225; 20.3973221; -2.1404964; -0.0703499; 7.3566543; 2.3450498
197.1217597; 26.4345999; 20.2882676; -2.1542944; -0.0676248; 7.4201085; 2.3651900
197.3216803; 26.6007167; 20.1770024; -2.1675480; -0.0649612; 7.4835627; 2.3853301
197.5216010; 26.7652699; 20.0636618; -2.1802669; -0.0623586; 7.5470169; 2.4054703
197.7215216; 26.9282561; 19.9483813; -2.1924612; -0.0598155; 7.6104711; 2.6259991
197.9214423; 27.0901694; 19.8309298; -2.2042041; -0.0578240; 7.6791440; 2.8089152
198.1213629; 27.2509180; 19.7114589; -2.2156233; -0.0561979; 7.7519271; 2.8354126
198.3212836; 27.4101601; 19.5903034; -2.2267019; -0.0545296; 7.8247101; 2.8619100
198.5212042; 27.5679483; 19.4675141; -2.2374344; -0.0528235; 7.8974932; 2.8884073
198.7211249; 27.7243354; 19.3431421; -2.2478161; -0.0510839; 7.9702762; 2.9149047
198.9210455; 27.8793741; 19.2172386; -2.2578425; -0.0493149; 8.0430592; 2.9414021
199.1209662; 28.0331173; 19.0898544; -2.2675099; -0.0475205; 8.1158423; 2.9734633
199.3208868; 28.1856244; 18.9610349; -2.2768157; -0.0457173; 8.1887612; 3.1418506
199.5208075; 28.3371108; 18.8306862; -2.2858036; -0.0442286; 8.2651105; 3.1710082
199.7207281; 28.4874411; 18.6990019; -2.2944932; -0.0427316; 8.3414598; 3.2001659
199.9206488; 28.6366527; 18.5660285; -2.3028836; -0.0412280; 8.4178091; 3.2293235
200.1205694; 28.7847830; 18.4318123; -2.3109741; -0.0397197; 8.4941584; 3.2584812
200.3204901; 28.9318696; 18.2963997; -2.3187641; -0.0382080; 8.5705077; 3.2876388
200.5204107; 29.0779497; 18.1598370; -2.3262533; -0.0366945; 8.6468570; 3.3167965
200.7203314; 29.2230609; 18.0221707; -2.3334417; -0.0351804; 8.7232063; 3.3560045
200.9202520; 29.3670667; 17.8836151; -2.3403330; -0.0338973; 8.7997839; 3.3944840
201.1201727; 29.5100204; 17.7441949; -2.3469942; -0.0328201; 8.8765676; 3.4239744
201.3200933; 29.6521092; 17.6037893; -2.3534425; -0.0317406; 8.9533512; 3.4534647
201.5200140; 29.7933624; 17.4624277; -2.3596775; -0.0306594; 9.0301349; 3.4829551
201.7199346; 29.9338093; 17.3201397; -2.3656990; -0.0295773; 9.1069185; 3.5124454
201.9198552; 30.0734792; 17.1769547; -2.3715069; -0.0284950; 9.1837022; 3.5419358
202.1197759; 30.2124014; 17.0329023; -2.3771012; -0.0274131; 9.2604859; 3.5714261
202.3196965; 30.3506051; 16.8880120; -2.3824820; -0.0263322; 9.3372695; 3.5525684
202.5196172; 30.4875794; 16.7428865; -2.3876522; -0.0254851; 9.4130264; 3.5810782
202.7195378; 30.6238878; 16.5969867; -2.3926564; -0.0246416; 9.4887791; 3.6097820
202.9194585; 30.7595528; 16.4503354; -2.3974953; -0.0238011; 9.5645318; 3.6384857
203.1193791; 30.8945944; 16.3029579; -2.4021692; -0.0229637; 9.6402845; 3.6671895
203.3192998; 31.0290326; 16.1548796; -2.4066785; -0.0221295; 9.7160372; 3.6958933
203.5192204; 31.1628875; 16.0061257; -2.4110236; -0.0212986; 9.7917899; 3.7245970
203.7191411; 31.2961793; 15.8567216; -2.4152052; -0.0204711; 9.8675426; 3.7263740
203.9190617; 31.4287069; 15.7069434; -2.4192181; -0.0196757; 9.9427539; 3.7196385
204.1189824; 31.5604273; 15.5568925; -2.4230712; -0.0189210; 10.0172661; 3.7474099
204.3189030; 31.6916445; 15.4062707; -2.4267758; -0.0181701; 10.0917783; 3.7751813
204.5188237; 31.8223755; 15.2551024; -2.4303325; -0.0174229; 10.1662905; 3.8029526
204.7187443; 31.9526371; 15.1034122; -2.4337417; -0.0166793; 10.2408028; 3.8307240
204.9186650; 32.0824464; 14.9512246; -2.4370040; -0.0159393; 10.3153150; 3.8584953
205.1185856; 32.2118204; 14.7985639; -2.4401198; -0.0152026; 10.3898272; 3.8862667
205.3185063; 32.3407761; 14.6454547; -2.4430896; -0.0144691; 10.4643394; 3.8955114
205.5184269; 32.4690696; 14.4922347; -2.4459019; -0.0136657; 10.5385001; 3.9196743
205.7183476; 32.5969353; 14.3386753; -2.4485513; -0.0128524; 10.6125978; 3.9471376
205.9182682; 32.7244394; 14.1847480; -2.4510392; -0.0120421; 10.6866955; 3.9746008
206.1181889; 32.8516009; 14.0304799; -2.4533659; -0.0112347; 10.7607932; 4.0020641
206.3181095; 32.9784387; 13.8758982; -2.4555319; -0.0104299; 10.8348909; 4.0295273
206.5180302; 33.1049720; 13.7210302; -2.4575374; -0.0096273; 10.9089886; 4.0569905
206.7179508; 33.2312196; 13.5659031; -2.4593829; -0.0088269; 10.9830863; 4.0939749
206.9178715; 33.3571947; 13.4105514; -2.4610672; -0.0079784; 11.0573561; 4.1517410
207.1177921; 33.4829056; 13.2550199; -2.4625624; -0.0069748; 11.1321679; 4.1797361
207.3177128; 33.6083964; 13.0993170; -2.4638569; -0.0059722; 11.2069797; 4.2077312
207.5176334; 33.7336927; 12.9434747; -2.4649510; -0.0049703; 11.2817914; 4.2357263
207.7175541; 33.8588204; 12.7875252; -2.4658446; -0.0039687; 11.3566032; 4.2637214
207.9174747; 33.9838051; 12.6315003; -2.4665379; -0.0029671; 11.4314150; 4.2917165
208.1173954; 34.1086725; 12.4754322; -2.4670308; -0.0019650; 11.5062268; 4.3197116
208.3173160; 34.2334484; 12.3193529; -2.4673233; -0.0009620; 11.5810385; 3.4909334
208.5172367; 34.3583393; 12.1630683; -2.4674140; 0.0000615; 11.6411457; 3.0096942
208.7171573; 34.4832956; 12.0067058; -2.4672980; 0.0010980; 11.6927188; 3.0229984
208.9170780; 34.6082395; 11.8504292; -2.4669745; 0.0021366; 11.7442919; 3.0363026
209.1169986; 34.7331982; 11.6942710; -2.4664431; 0.0031777; 11.7958650; 3.0496068
209.3169193; 34.8581988; 11.5382638; -2.4657036; 0.0042217; 11.8474381; 3.0629110
209.5168399; 34.9832684; 11.3824401; -2.4647555; 0.0052690; 11.8990112; 3.0762152
209.7167605; 35.1084341; 11.2268325; -2.4635984; 0.0063201; 11.9505843; 2.9599878
209.9166812; 35.2337481; 11.0714423; -2.4622315; 0.0073829; 11.9999997; -0.0000002
210.1166018; 35.3597898; 10.9156231; -2.4606272; 0.0086275; 11.9999996; -0.0000002
210.3165225; 35.4860153; 10.7601272; -2.4587742; 0.0098780; 11.9999996; -0.0000002
210.5164431; 35.6124562; 10.6049939; -2.4566716; 0.0111349; 11.9999996; -0.0000002
210.7163638; 35.7391444; 10.4502623; -2.4543186; 0.0123988; 11.9999996; -0.0000002
210.9162844; 35.8661117; 10.2959717; -2.4517143; 0.0136702; 11.9999996; -0.0000002
211.1162051; 35.9933898; 10.1421613; -2.4488575; 0.0149495; 11.9999996; -0.0000002
211.3161257; 36.1210104; 9.9888702; -2.4457474; 0.0162372; 11.9999996; -0.0000002
211.5160464; 36.2494136; 9.8356511; -2.4423967; 0.0170249; 11.9999996; -0.0000001
211.7159670; 36.3786459; 9.6825042; -2.4389597; 0.0172783; 11.9999996; -0.0000001
211.9158877; 36.5082890; 9.5299449; -2.4354753; 0.0175302; 11.9999996; -0.0000001
212.1158083; 36.6383528; 9.3779741; -2.4319436; 0.0177805; 11.9999996; -0.0000001
212.3157290; 36.7688474; 9.2265927; -2.4283651; 0.0180289; 11.9999996; -0.0000001
212.5156496; 36.8997829; 9.0758016; -2.4247400; 0.0182755; 11.9999996; -0.0000001
212.7155703; 37.0311692; 8.9256015; -2.4210686; 0.0185201; 11.9999996; -0.0000001
212.9154909; 37.1630166; 8.7759935; -2.4173512; 0.0187625; 11.9999996; 0.0000002
213.1154116; 37.2958922; 8.6263411; -2.4136947; 0.0177544; 11.9999996; 0.0000002
213.3153322; 37.4292358; 8.4772319; -2.4102472; 0.0167120; 11.9999996; 0.0000002
213.5152529; 37.5630187; 8.3286339; -2.4070107; 0.0156600; 11.9999996; 0.0000002
213.7151735; 37.6972226; 8.1805034; -2.4039864; 0.0145994; 11.9999996; 0.0000002
213.9150942; 37.8318295; 8.0327967; -2.4011755; 0.0135314; 11.9999996; 0.0000002
214.1150148; 37.9668211; 7.8854699; -2.3985788; 0.0124571; 11.9999996; 0.0000002
214.3149355; 38.1021792; 7.7384792; -2.3961974; 0.0113776; 11.9999996; -2.8357126
214.5148561; 38.2378197; 7.5918529; -2.3940207; 0.0105353; 11.9526631; -5.5473064
214.7147768; 38.3737315; 7.4455524; -2.3919780; 0.0099235; 11.8595158; -5.5039070
214.9146974; 38.5099718; 7.2994801; -2.3900571; 0.0093093; 11.7663684; -5.4605076
215.1146181; 38.6465335; 7.1536079; -2.3882585; 0.0086932; 11.6732210; -5.4171082
215.3145387; 38.7834098; 7.0079080; -2.3865823; 0.0080757; 11.5800736; -5.3737088
215.5144594; 38.9205938; 6.8623522; -2.3850289; 0.0074572; 11.4869262; -5.3303094
215.7143800; 39.0580785; 6.7169127; -2.3835984; 0.0068382; 11.3937788; -5.3822601
215.9143007; 39.1958362; 6.5715835; -2.3822911; 0.0062099; 11.2989445; -8.6512797
216.1142213; 39.3331418; 6.4270878; -2.3811482; 0.0052587; 11.1448198; -8.5324604
216.3141420; 39.4707113; 6.2826180; -2.3801938; 0.0043102; 10.9906950; -8.4136411
216.5140626; 39.6085253; 6.1381406; -2.3794276; 0.0033649; 10.8365703; -8.2948218
216.7139833; 39.7465641; 5.9936220; -2.3788493; 0.0024232; 10.6824456; -8.1760025
216.9139039; 39.8848084; 5.8490287; -2.3784585; 0.0014856; 10.5283209; -8.0571832
217.1138246; 40.0232386; 5.7043272; -2.3782545; 0.0005524; 10.3741962; -7.9383639
217.3137452; 40.1618351; 5.5594839; -2.3782369; -0.0003757; 10.2200714; -7.7868457
217.5136659; 40.2999020; 5.4151729; -2.3783939; -0.0010992; 10.0665961; -7.6375752
217.7135865; 40.4374463; 5.2713456; -2.3786649; -0.0016234; 9.9137551; -7.5207269
217.9135071; 40.5751335; 5.1272757; -2.3790403; -0.0021431; 9.7609140; -7.4038786
218.1134278; 40.7129691; 4.9829269; -2.3795195; -0.0026576; 9.6080730; -7.2870303
218.3133484; 40.8509588; 4.8382632; -2.3801018; -0.0031661; 9.4552319; -7.1701820
218.5132691; 40.9891080; 4.6932485; -2.3807863; -0.0036681; 9.3023909; -7.0533337
218.7131897; 41.1274223; 4.5478464; -2.3815722; -0.0041630; 9.1495498; -6.9364854
218.9131104; 41.2659073; 4.4020210; -2.3824585; -0.0046501; 8.9967087; -6.4486168
219.1130310; 41.4028091; 4.2575693; -2.3837113; -0.0082119; 8.8522508; -6.3085315
219.3129517; 41.5395851; 4.1127771; -2.3857292; -0.0120436; 8.7086126; -6.2053308
219.5128723; 41.6762650; 3.9673889; -2.3885127; -0.0158496; 8.5649744; -6.1021302
219.7127930; 41.8127086; 3.8213284; -2.3920594; -0.0196364; 8.4213361; -5.9989295
219.9127136; 41.9487757; 3.6745193; -2.3963680; -0.0234101; 8.2776979; -5.8957289
220.1126343; 42.0843261; 3.5268850; -2.4014375; -0.0271763; 8.1340597; -5.7925282
220.3125549; 42.2192196; 3.3783494; -2.4072680; -0.0309397; 7.9904214; -5.5517090
220.5124756; 42.3532943; 3.2288602; -2.4138671; -0.0350963; 7.8502887; -4.9441083
220.7123962; 42.4863101; 3.0784224; -2.4214848; -0.0407921; 7.7233525; -4.8635123
220.9123169; 42.6180755; 2.9269152; -2.4302579; -0.0466184; 7.5964163; -4.7829163
221.1122375; 42.7483061; 2.7743116; -2.4402083; -0.0526107; 7.4694801; -4.7023204
221.3121582; 42.8767178; 2.6205843; -2.4513629; -0.0588035; 7.3425439; -4.6217244
221.5120788; 43.0030263; 2.4657062; -2.4637528; -0.0652301; 7.2156077; -4.5411285
221.7119995; 43.1269474; 2.3096500; -2.4774133; -0.0719224; 7.0886715; -4.4605325
221.9119201; 43.2481967; 2.1523887; -2.4923837; -0.0789098; 6.9617353; -3.8103472
222.1118408; 43.3684784; 1.9911880; -2.5089224; -0.0849020; 6.8514396; -3.1943382
222.3117614; 43.4873470; 1.8260375; -2.5267057; -0.0899538; 6.7575881; -3.1502802
222.5116821; 43.6025448; 1.6596621; -2.5454530; -0.0953998; 6.6637365; -3.1062221
222.7116027; 43.7138323; 1.4921328; -2.5652227; -0.1012683; 6.5698850; -3.0621641
222.9115234; 43.8209698; 1.3235205; -2.5860763; -0.1075874; 6.4760334; -3.0181061
223.1114440; 43.9237176; 1.1538963; -2.6080782; -0.1143843; 6.3821819; -2.9740480
223.3113647; 44.0218361; 0.9833310; -2.6312952; -0.1216837; 6.2883303; -2.8900483
223.5112853; 44.1153611; 0.8113739; -2.6558716; -0.1292377; 6.1957677; -2.0716840
223.7112060; 44.2088905; 0.6283148; -2.6827048; -0.1318549; 6.1285555; -2.0490876
223.9111266; 44.2966279; 0.4445150; -2.7098437; -0.1346797; 6.0613433; -2.0264913
224.1110473; 44.3785398; 0.2601326; -2.7373201; -0.1377240; 5.9941311; -2.0038949
224.3109679; 44.4545928; 0.0753256; -2.7651672; -0.1410000; 5.9269189; -1.9812985
224.5108886; 44.5247536; -0.1097480; -2.7934193; -0.1445191; 5.8597067; -1.9587022
224.7108092; 44.5889887; -0.2949301; -2.8221120; -0.1482927; 5.7924945; -1.8844058
224.9107299; 44.6473653; -0.4803992; -2.8513361; -0.1525851; 5.7270874; -0.4085113
225.1106505; 44.7022256; -0.6752650; -2.8833787; -0.1638622; 5.7128093; -0.4074916
225.3105712; 44.7502234; -0.8702119; -2.9173391; -0.1742651; 5.6985312; -0.4064718
225.5104918; 44.7911505; -1.0655351; -2.9530585; -0.1834693; 5.6842532; -0.4054521
225.7104125; 44.8247988; -1.2615300; -2.9903377; -0.1911597; 5.6699751; -0.4044324
225.9103331; 44.8509602; -1.4584918; -3.0289394; -0.1970540; 5.6556970; -0.4034127
226.1102537; 44.8694265; -1.6567159; -3.0685927; -0.2009267; 5.6414189; 0.0569577
226.3101744; 44.8798901; -1.8534619; -3.1083743; -0.2023358; 5.6434370; 0.8260092
226.5100950; 44.8825328; -2.0468393; 3.1357303; -0.2015470; 5.6726232; 0.8302700
226.7100157; 44.8775599; -2.2420004; 3.0965767; -0.1993082; 5.7018094; 0.8345309
226.9099363; 44.8648132; -2.4390757; 3.0575495; -0.1956899; 5.7309956; 0.8387917
227.1098570; 44.8441347; -2.6381955; 3.0188420; -0.1908042; 5.7601818; 0.8430526
227.3097776; 44.8153664; -2.8394903; 2.9806364; -0.1847974; 5.7893679; 0.8473135
227.5096983; 44.7783500; -3.0430906; 2.9430998; -0.1778408; 5.8185541; 1.2094821
227.7096189; 44.7352127; -3.2395770; 2.9082281; -0.1663657; 5.8599636; 1.6856634
227.9095396; 44.6879143; -3.4257121; 2.8777572; -0.1513148; 5.9171928; 1.7020459
228.1094602; 44.6343154; -3.6134083; 2.8495394; -0.1381189; 5.9744221; 1.7184283
228.3093809; 44.5747603; -3.8023547; 2.8233491; -0.1265561; 6.0316513; 1.7348107
228.5093015; 44.5095931; -3.9922408; 2.7989828; -0.1164265; 6.0888806; 1.7511932
228.7092222; 44.4391582; -4.1827558; 2.7762567; -0.1075532; 6.1461098; 1.7675756
228.9091428; 44.3637998; -4.3735890; 2.7550053; -0.0997815; 6.2033391; 1.7839581
229.1090635; 44.2838623; -4.5644297; 2.7350799; -0.0929780; 6.2605683; 1.9020451
229.3089841; 44.2025204; -4.7487191; 2.7170083; -0.0862480; 6.3210151; 1.9693188
229.5089048; 44.1189494; -4.9295298; 2.7004826; -0.0797791; 6.3829967; 1.9885350
229.7088254; 44.0321810; -5.1096672; 2.6851327; -0.0738473; 6.4449783; 2.0077512
229.9087461; 43.9425347; -5.2889476; 2.6708850; -0.0683880; 6.5069599; 2.0269674
230.1086667; 43.8503299; -5.4671873; 2.6576739; -0.0633413; 6.5689415; 2.0461836
230.3085874; 43.7558862; -5.6442026; 2.6454413; -0.0586520; 6.6309231; 2.0653999
230.5085080; 43.6595231; -5.8198099; 2.6341362; -0.0542684; 6.6929047; 2.0846161
230.7084287; 43.5615599; -5.9938256; 2.6237147; -0.0501418; 6.7548863; -0.0787516
230.9083493; 43.4605174; -6.1691311; 2.6136619; -0.0520038; 6.7525551; -2.0549019
231.1082700; 43.3565668; -6.3451327; 2.6022762; -0.0594688; 6.6914398; -2.0362191
231.3081906; 43.2511828; -6.5187211; 2.5894087; -0.0673380; 6.6303244; -2.0175362
231.5081113; 43.1442168; -6.6896203; 2.5750025; -0.0756596; 6.5692090; -1.9988534
231.7080319; 43.0355197; -6.8575544; 2.5589948; -0.0844803; 6.5080937; -1.9801705
231.9079526; 42.9249427; -7.0222474; 2.5413181; -0.0938442; 6.4469783; -1.9614877
232.1078732; 42.8123369; -7.1834232; 2.5219000; -0.1037906; 6.3858629; -1.9428048
232.3077939; 42.6975534; -7.3408059; 2.5006651; -0.1143510; 6.3247476; -1.2033121
232.5077145; 42.5742078; -7.5020988; 2.4765712; -0.1214815; 6.2865967; -0.7885545
232.7076352; 42.4446916; -7.6629990; 2.4509241; -0.1269755; 6.2614696; -0.7853964
232.9075558; 42.3126078; -7.8186005; 2.4243864; -0.1331987; 6.2363425; -0.7822383
233.1074765; 42.1780925; -7.9686522; 2.3968517; -0.1402191; 6.2112154; -0.7790801
233.3073971; 42.0412818; -8.1129029; 2.3682061; -0.1481110; 6.1860883; -0.7759220
233.5073178; 41.9023119; -8.2511016; 2.3383287; -0.1569541; 6.1609611; -0.7727639
233.7072384; 41.7613188; -8.3829971; 2.3070907; -0.1668327; 6.1358340; -0.6769065
233.9071590; 41.6134757; -8.5125464; 2.2732780; -0.1759919; 6.1137390; -0.5073957
234.1070797; 41.4545562; -8.6421773; 2.2366185; -0.1812693; 6.0971244; -0.5060149
234.3070003; 41.2932819; -8.7641076; 2.1995623; -0.1850159; 6.0805099; -0.5046342
234.5069210; 41.1295125; -8.8786169; 2.1623538; -0.1870725; 6.0638954; -0.5032534
234.7068416; 40.9631079; -8.9859848; 2.1252480; -0.1873410; 6.0472808; -0.5018727
234.9067623; 40.7939279; -9.0864909; 2.0885030; -0.1857930; 6.0306663; -0.5004919
235.1066829; 40.6218325; -9.1804148; 2.0523722; -0.1824714; 6.0140518; 0.9539908
235.3066036; 40.4460086; -9.2683642; 2.0170824; -0.1757852; 6.0456814; 1.5381799
235.5065242; 40.2667258; -9.3504209; 1.9832678; -0.1669855; 6.0963343; 1.5510136
235.7064449; 40.0841498; -9.4268107; 1.9511878; -0.1570230; 6.1469871; 1.5638472
235.9063655; 39.8981843; -9.4978965; 1.9209929; -0.1461873; 6.1976400; 1.5766809
236.1062862; 39.7087333; -9.5640413; 1.8927976; -0.1347614; 6.2482929; 1.5895145
236.3062068; 39.5157008; -9.6256078; 1.8666818; -0.1230083; 6.2989457; 1.6299945
236.5061275; 39.3204777; -9.6825444; 1.8428569; -0.1119753; 6.3504690; 1.8612669
236.7060481; 39.1334201; -9.7325796; 1.8216132; -0.1075045; 6.4087961; 1.8782839
236.9059688; 38.9432104; -9.7792134; 1.8009716; -0.1033482; 6.4671233; 1.8953009
237.1058894; 38.7499658; -9.8224414; 1.7808938; -0.0994882; 6.5254504; 1.9123179
237.3058101; 38.5538031; -9.8622591; 1.7613431; -0.0959073; 6.5837775; 1.9293350
237.5057307; 38.3548395; -9.8986621; 1.7422845; -0.0925887; 6.6421047; 1.9463520
237.7056514; 38.1531919; -9.9316459; 1.7236843; -0.0895164; 6.7004318; 1.9924778
237.9055720; 37.9495280; -9.9611315; 1.7055593; -0.0865131; 6.7596199; 2.6672829
238.1054927; 37.7558842; -9.9857644; 1.6892946; -0.0802061; 6.8380517; 2.6980528
238.3054133; 37.5602432; -10.0075309; 1.6740943; -0.0743011; 6.9164835; 2.7288228
238.5053340; 37.3627586; -10.0265705; 1.6599084; -0.0687668; 6.9949153; 2.7595927
238.7052546; 37.1635838; -10.0430230; 1.6466902; -0.0635724; 7.0733471; 2.7903627
238.9051753; 36.9628725; -10.0570282; 1.6343962; -0.0586882; 7.1517789; 2.8211326
239.1050959; 36.7607781; -10.0687258; 1.6229865; -0.0540855; 7.2302107; 2.8519026
239.3050166; 36.5574542; -10.0782556; 1.6124246; -0.0497369; 7.3086425; 3.2996000
239.5049372; 36.3564994; -10.0856491; 1.6028969; -0.0444200; 7.3983492; 3.7621846
239.7048579; 36.1581008; -10.0911864; 1.5947089; -0.0381270; 7.4993232; 3.8131836
239.9047785; 35.9589583; -10.0952334; 1.5877253; -0.0320289; 7.6002971; 3.8641825
240.1046992; 35.7591982; -10.0980160; 1.5819221; -0.0260943; 7.7012711; 3.9151814
240.3046198; 35.5589466; -10.0997598; 1.5772796; -0.0202920; 7.8022450; 3.9661803
240.5045405; 35.3583298; -10.1006905; 1.5737821; -0.0145906; 7.9032190; 4.0171793
240.7044611; 35.1574738; -10.1010338; 1.5714181; -0.0089588; 8.0041929; 4.0681782
240.9043818; 34.9565051; -10.1010156; 1.5701801; -0.0033650; 8.1051669; 4.2160231
241.1043024; 34.7558715; -10.1008535; 1.5698892; -0.0003016; 8.2084999; 4.3124571
241.3042231; 34.5554584; -10.1006787; 1.5700252; 0.0016592; 8.3128676; 4.3669419
241.5041437; 34.3551603; -10.1005707; 1.5705544; 0.0036269; 8.4172354; 4.4214267
241.7040644; 34.1550147; -10.1006081; 1.5714780; 0.0056048; 8.5216032; 4.4759115
241.9039850; 33.9550590; -10.1008697; 1.5727976; 0.0075963; 8.6259710; 4.5303963
242.1039056; 33.7553306; -10.1014343; 1.5745150; 0.0096046; 8.7303388; 4.5848811
242.3038263; 33.5558669; -10.1023805; 1.5766327; 0.0116333; 8.8347065; 4.6393658
242.5037469; 33.3567054; -10.1037871; 1.5791536; 0.0136857; 8.9390743; 4.1696721
242.7036676; 33.1560656; -10.1057412; 1.5818983; 0.0133661; 9.0318468; 4.1348557
242.9035882; 32.9554920; -10.1082324; 1.5845113; 0.0126847; 9.1229131; 4.1763374
243.1035089; 32.7552305; -10.1112290; 1.5869827; 0.0119924; 9.2139793; 4.2178192
243.3034295; 32.5552598; -10.1147013; 1.5893111; 0.0112900; 9.3050456; 4.2593010
243.5033502; 32.3555589; -10.1186197; 1.5914953; 0.0105781; 9.3961119; 4.3007828
243.7032708; 32.1561066; -10.1229545; 1.5935338; 0.0098573; 9.4871781; 4.3422645
243.9031915; 31.9568817; -10.1276761; 1.5954257; 0.0091284; 9.5782444; 4.3304537
244.1031121; 31.7576576; -10.1327603; 1.5971732; 0.0085128; 9.6682087; 4.0090096
244.3030328; 31.5572416; -10.1382204; 1.5988994; 0.0087076; 9.7507552; 4.0430927
244.5029534; 31.3570156; -10.1440249; 1.6006632; 0.0089030; 9.8333017; 4.0771759
244.7028741; 31.1569791; -10.1501808; 1.6024646; 0.0090991; 9.9158482; 4.1112590
244.9027947; 30.9571313; -10.1566950; 1.6043036; 0.0092957; 9.9983947; 4.1453422
245.1027154; 30.7574714; -10.1635745; 1.6061804; 0.0094930; 10.0809412; 4.1794253
245.3026360; 30.5579989; -10.1708262; 1.6080949; 0.0096907; 10.1634877; 4.2135085
245.5025567; 30.3587130; -10.1784569; 1.6100474; 0.0098890; 10.2460342; 4.0954116
245.7024773; 30.1590438; -10.1864969; 1.6120400; 0.0100121; 10.3256347; 3.9384525
245.9023980; 29.9588592; -10.1949593; 1.6140490; 0.0100412; 10.4016099; 3.9673251
246.1023186; 29.7588559; -10.2038170; 1.6160620; 0.0100694; 10.4775851; 3.9961977
246.3022393; 29.5590291; -10.2130703; 1.6180791; 0.0100967; 10.5535602; 4.0250703
246.5021599; 29.3593744; -10.2227197; 1.6200999; 0.0101230; 10.6295354; 4.0539429
246.7020806; 29.1598872; -10.2327655; 1.6221244; 0.0101483; 10.7055106; 4.0828155
246.9020012; 28.9605627; -10.2432080; 1.6241524; 0.0101726; 10.7814857; 4.1116881
247.1019219; 28.7613964; -10.2540476; 1.6261838; 0.0101959; 10.8574609; 3.8589558
247.3018425; 28.5615423; -10.2653337; 1.6282375; 0.0103463; 10.9282857; 3.8201467
247.5017632; 28.3616523; -10.2770372; 1.6303271; 0.0105257; 10.9979489; 3.8444212
247.7016838; 28.1619158; -10.2891540; 1.6324513; 0.0107054; 11.0676121; 3.8686956
247.9016045; 27.9623324; -10.3016906; 1.6346101; 0.0108853; 11.1372754; 3.8929701
248.1015251; 27.7629016; -10.3146534; 1.6368035; 0.0110654; 11.2069386; 3.9172446
248.3014458; 27.5636231; -10.3280487; 1.6390316; 0.0112458; 11.2766018; 3.9415190
248.5013664; 27.3644964; -10.3418831; 1.6412944; 0.0114263; 11.3462651; 3.8822764
248.7012871; 27.1653193; -10.3561776; 1.6435944; 0.0116210; 11.4144656; 3.6129294
248.9012077; 26.9655918; -10.3709784; 1.6459463; 0.0118651; 11.4775705; 3.6328484
249.1011284; 26.7660177; -10.3862447; 1.6483456; 0.0121098; 11.5406753; 3.6527674
249.3010490; 26.5665978; -10.4019853; 1.6507926; 0.0123549; 11.6037801; 3.6726864
249.5009697; 26.3673328; -10.4182092; 1.6532872; 0.0126006; 11.6668850; 3.6926054
249.7008903; 26.1682236; -10.4349252; 1.6558295; 0.0128468; 11.7299898; 3.7125244
249.9008110; 25.9692709; -10.4521424; 1.6584195; 0.0130934; 11.7930947; 3.7324434
250.1007316; 25.7704757; -10.4698697; 1.6610574; 0.0133404; 11.8561995; 1.9003469
250.3006522; 25.5712831; -10.4881675; 1.6637476; 0.0135422; 11.8882002; 0.9694262
250.5005729; 25.3719704; -10.5070212; 1.6664767; 0.0137213; 11.9044916; 0.9707538
250.7004935; 25.1728197; -10.5264115; 1.6692402; 0.0139008; 11.9207830; 0.9720814
250.9004142; 24.9738322; -10.5463446; 1.6720381; 0.0140806; 11.9370745; 0.9734090
251.1003348; 24.7750093; -10.5668268; 1.6748705; 0.0142607; 11.9533659; 0.9747366
251.3002555; 24.5763522; -10.5878642; 1.6777373; 0.0144412; 11.9696573; 0.9760641
251.5001761; 24.3778622; -10.6094629; 1.6806387; 0.0146219; 11.9859487; 0.8428951
251.7000968; 24.1794345; -10.6316411; 1.6835749; 0.0147060; 11.9999996; 0.0000001
251.9000174; 23.9805112; -10.6544642; 1.6864670; 0.0141812; 11.9999996; 0.0000001
252.0999381; 23.7817551; -10.6778399; 1.6892524; 0.0136545; 11.9999996; 0.0000001
252.2998587; 23.5831632; -10.7017465; 1.6919308; 0.0131261; 11.9999996; 0.0000001
252.4997794; 23.3847323; -10.7261623; 1.6945021; 0.0125959; 11.9999996; 0.0000001
252.6997000; 23.1864593; -10.7510656; 1.6969660; 0.0120641; 11.9999996; 0.0000001
252.8996207; 22.9883410; -10.7764346; 1.6993224; 0.0115307; 11.9999996; 0.0000001
253.0995413; 22.7903743; -10.8022476; 1.7015711; 0.0109958; 11.9999996; 0.0000000
253.2994620; 22.5921236; -10.8285406; 1.7037108; 0.0103707; 11.9999996; 0.0000000
253.4993826; 22.3937742; -10.8552654; 1.7057187; 0.0096938; 11.9999996; 0.0000000
253.6993033; 22.1955647; -10.8823630; 1.7075901; 0.0090150; 11.9999996; 0.0000000
253.8992239; 21.9974900; -10.9098060; 1.7093248; 0.0083343; 11.9999996; 0.0000000
254.0991446; 21.7995448; -10.9375673; 1.7109225; 0.0076520; 11.9999996; 0.0000000
254.2990652; 21.6017240; -10.9656197; 1.7123831; 0.0069679; 11.9999996; 0.0000000
254.4989859; 21.4040224; -10.9939360; 1.7137062; 0.0062823; 11.9999996; 0.0000000
254.6989065; 21.2063383; -11.0225029; 1.7148926; 0.0056079; 11.9999996; -0.0000000
254.8988272; 21.0082839; -11.0513503; 1.7159538; 0.0049961; 11.9999996; -0.0000000
255.0987478; 20.8103338; -11.0803847; 1.7168921; 0.0043829; 11.9999996; -0.0000000
255.2986685; 20.6124829; -11.1095818; 1.7177072; 0.0037684; 11.9999996; -0.0000000
255.4985891; 20.4147259; -11.1389173; 1.7183991; 0.0031527; 11.9999996; -0.0000000
255.6985098; 20.2170577; -11.1683669; 1.7189675; 0.0025357; 11.9999996; -0.0000000
255.8984304; 20.0194730; -11.1979064; 1.7194124; 0.0019176; 11.9999996; -0.0000000
256.0983511; 19.8219667; -11.2275115; 1.7197335; 0.0012984; 11.9999996; -0.0000000
256.2982717; 19.6242004; -11.2572083; 1.7199356; 0.0007399; 11.9999996; -0.0000000
256.4981924; 19.4263696; -11.2869447; 1.7200301; 0.0002048; 11.9999996; -0.0000000
256.6981130; 19.2285989; -11.3166804; 1.7200175; -0.0003311; 11.9999996; -0.0000000
256.8980337; 19.0308811; -11.3463947; 1.7198976; -0.0008678; 11.9999996; -0.0000000
257.0979543; 18.8332092; -11.3760671; 1.7196705; -0.0014050; 11.9999996; -0.0000000
257.2978750; 18.6355763; -11.4056769; 1.7193360; -0.0019428; 11.9999996; -0.0000000
257.4977956; 18.4379754; -11.4352034; 1.7188941; -0.0024811; 11.9999996; -0.0000000
257.6977163; 18.2403329; -11.4646360; 1.7183473; -0.0029213; 11.9999996; 0.0000000
257.8976369; 18.0425404; -11.4939738; 1.7177439; -0.0031135; 11.9999996; 0.0000000
258.0975575; 17.8447560; -11.5231846; 1.7171023; -0.0033054; 11.9999996; 0.0000000
258.2974782; 17.6469704; -11.5522620; 1.7164223; -0.0034969; 11.9999996; 0.0000000
258.4973988; 17.4491745; -11.5811997; 1.7157042; -0.0036878; 11.9999996; 0.0000000
258.6973195; 17.2513591; -11.6099913; 1.7149480; -0.0038781; 11.9999996; 0.0000000
258.8972401; 17.0535149; -11.6386305; 1.7141538; -0.0040677; 11.9999996; 0.0000000
259.0971608; 16.8556327; -11.6671109; 1.7133217; -0.0042566; 11.9999996; 0.0000000
259.2970814; 16.6578472; -11.6954055; 1.7124499; -0.0044739; 11.9999996; 0.0000000
259.4970021; 16.4600298; -11.7235243; 1.7115338; -0.0046953; 11.9999996; 0.0000000
259.6969227; 16.2621492; -11.7514627; 1.7105735; -0.0049158; 11.9999996; 0.0000000
259.8968434; 16.0641975; -11.7792128; 1.7095689; -0.0051354; 11.9999996; 0.0000000
260.0967640; 15.8661665; -11.8067667; 1.7085203; -0.0053539; 11.9999996; 0.0000000
260.2966847; 15.6680484; -11.8341166; 1.7074277; -0.0055714; 11.9999996; 0.0000000
260.4966053; 15.4698353; -11.8612545; 1.7062914; -0.0057878; 11.9999996; 0.0000000
260.6965260; 15.2717624; -11.8881398; 1.7051155; -0.0059452; 11.9999996; 0.0000000
260.8964466; 15.0739022; -11.9147571; 1.7039206; -0.0060248; 11.9999996; 0.0000000
261.0963673; 14.8759243; -11.9411478; 1.7027094; -0.0061034; 11.9999996; 0.0000000
261.2962879; 14.6778210; -11.9673094; 1.7014820; -0.0061808; 11.9999996; 0.0000000
261.4962086; 14.4795848; -11.9932395; 1.7002387; -0.0062572; 11.9999996; 0.0000000
261.6961292; 14.2812080; -12.0189355; 1.6989795; -0.0063324; 11.9999996; 0.0000000
261.8960499; 14.0826832; -12.0443949; 1.6977046; -0.0064064; 11.9999996; 0.0000000
262.0959705; 13.8840027; -12.0696153; 1.6964143; -0.0064792; 11.9999996; 0.0000001
262.2958912; 13.6861104; -12.0944764; 1.6951304; -0.0063917; 11.9999996; 0.0000001
262.4958118; 13.4880713; -12.1190994; 1.6938640; -0.0062998; 11.9999996; 0.0000001
262.6957325; 13.2898573; -12.1434911; 1.6926151; -0.0062074; 11.9999996; 0.0000001
262.8956531; 13.0914617; -12.1676554; 1.6913838; -0.0061144; 11.9999996; 0.0000001
263.0955738; 12.8928779; -12.1915963; 1.6901701; -0.0060209; 11.9999996; 0.0000001
263.2954944; 12.6940991; -12.2153177; 1.6889742; -0.0059269; 11.9999996; 0.0000001
263.4954151; 12.4951187; -12.2388237; 1.6877961; -0.0058324; 11.9999996; -1.2639804
263.6953357; 12.2966058; -12.2620397; 1.6866440; -0.0056533; 11.9789231; -2.5758886
263.8952564; 12.0985856; -12.2849718; 1.6855436; -0.0053867; 11.9358558; -2.5666109
264.0951770; 11.9003475; -12.3077133; 1.6844953; -0.0051206; 11.8927884; -2.5573332
264.2950977; 11.7018855; -12.3302749; 1.6834990; -0.0048551; 11.8497210; -2.5480555
264.4950183; 11.5031935; -12.3526674; 1.6825548; -0.0045901; 11.8066537; -2.5387779
264.6949390; 11.3042654; -12.3749016; 1.6816624; -0.0043260; 11.7635863; -2.5295002
264.8948596; 11.1050950; -12.3969881; 1.6808220; -0.0040626; 11.7205189; -2.5202225
265.0947803; 10.9056763; -12.4189378; 1.6800332; -0.0038002; 11.6774516; -8.4525045
265.2947009; 10.7076954; -12.4405775; 1.6793107; -0.0034509; 11.5318348; -8.6617360
265.4946216; 10.5095507; -12.4620972; 1.6786581; -0.0030986; 11.3806808; -8.5474529
265.6945422; 10.3111460; -12.4835212; 1.6780748; -0.0027480; 11.2295267; -8.4331698
265.8944629; 10.1124761; -12.5048635; 1.6775605; -0.0023993; 11.0783726; -8.3188867
266.0943835; 9.9135362; -12.5261383; 1.6771152; -0.0020525; 10.9272186; -8.2046036
266.2943041; 9.7143210; -12.5473597; 1.6767386; -0.0017078; 10.7760645; -8.0903206
266.4942248; 9.5148257; -12.5685418; 1.6764304; -0.0013652; 10.6249105; -7.9936112
266.6941454; 9.3157827; -12.5896208; 1.6761892; -0.0010833; 10.4734210; -7.9124030
266.8940661; 9.1178828; -12.6105352; 1.6759903; -0.0009163; 10.3212810; -7.7966242
267.0939867; 8.9196902; -12.6314439; 1.6758242; -0.0007504; 10.1691410; -7.6808454
267.2939074; 8.7211973; -12.6523542; 1.6756909; -0.0005856; 10.0170010; -7.5650666
267.4938280; 8.5223965; -12.6732735; 1.6755902; -0.0004219; 9.8648610; -7.4492878
267.6937487; 8.3232799; -12.6942090; 1.6755220; -0.0002594; 9.7127211; -7.3335090
267.8936693; 8.1238399; -12.7151681; 1.6754862; -0.0000983; 9.5605811; -7.2177302
268.0935900; 7.9240689; -12.7361579; 1.6754826; 0.0000616; 9.4084411; -7.1720207
268.2935106; 7.7256144; -12.7570117; 1.6755059; 0.0001465; 9.2547876; -7.0913024
268.4934313; 7.5277223; -12.7778122; 1.6755395; 0.0001909; 9.1003131; -6.9719431
268.6933519; 7.3294946; -12.7986555; 1.6755819; 0.0002350; 8.9458386; -6.8525839
268.8932726; 7.1309296; -12.8195438; 1.6756332; 0.0002786; 8.7913640; -6.7332246
269.0931932; 6.9320258; -12.8404789; 1.6756933; 0.0003219; 8.6368895; -6.6138654
269.2931139; 6.7327813; -12.8614628; 1.6757621; 0.0003648; 8.4824150; -6.4945061
269.4930345; 6.5331946; -12.8824975; 1.6758396; 0.0004073; 8.3279405; -6.3751469
269.6929552; 6.3332638; -12.9035850; 1.6759257; 0.0004494; 8.1734659; -6.4391515
269.8928758; 6.1354545; -12.9244657; 1.6760005; 0.0002718; 8.0144187; -6.3425843
270.0927965; 5.9377026; -12.9453511; 1.6760334; 0.0000593; 7.8546088; -6.2148377
270.2927171; 5.7395764; -12.9662784; 1.6760242; -0.0001512; 7.6947989; -6.0870910
270.4926378; 5.5410555; -12.9872414; 1.6759732; -0.0003596; 7.5349891; -5.9593444
270.6925584; 5.3421194; -13.0082337; 1.6758806; -0.0005657; 7.3751792; -5.8315977
270.8924791; 5.1427473; -13.0292492; 1.6757467; -0.0007693; 7.2153693; -5.7038511
271.0923997; 4.9429189; -13.0502817; 1.6755719; -0.0009703; 7.0555595; -5.5761044
271.2923204; 4.7426134; -13.0713248; 1.6753564; -0.0011685; 6.8957496; -5.5984751
271.4922410; 4.5449800; -13.0920846; 1.6758006; 0.0059794; 6.7314828; -5.4708501
271.6921617; 4.3470870; -13.1131095; 1.6777322; 0.0134186; 6.5669924; -5.3355109
271.8920823; 4.1488444; -13.1347076; 1.6811444; 0.0207911; 6.4025020; -5.2001717
272.0920030; 3.9503202; -13.1571703; 1.6860303; 0.0281079; 6.2380116; -5.0648325
272.2919236; 3.7515823; -13.1807892; 1.6923841; 0.0353776; 6.0735211; -4.9294933
272.4918443; 3.5526987; -13.2058558; 1.7002012; 0.0426062; 5.9090307; -4.7941541
272.6917649; 3.3537372; -13.2326617; 1.7094773; 0.0497958; 5.7445403; -4.6588149
272.8916856; 3.1547658; -13.2614984; 1.7202083; 0.0569447; 5.5800499; -3.7679167
273.0916062; 2.9506166; -13.2935386; 1.7331560; 0.0688916; 5.4433802; -3.6057265
273.2915269; 2.7469333; -13.3284887; 1.7487782; 0.0825649; 5.3093003; -3.5158037
273.4914475; 2.5451941; -13.3666536; 1.7672841; 0.0980739; 5.1752204; -3.4258810
273.6913682; 2.3463791; -13.4084131; 1.7889810; 0.1160255; 5.0411405; -3.3359582
273.8912888; 2.1514682; -13.4541472; 1.8142599; 0.1371561; 4.9070606; -3.2460354
274.0912095; 1.9614413; -13.5042359; 1.8436083; 0.1623715; 4.7729807; -3.1561126
274.2911301; 1.7772785; -13.5590590; 1.8776267; 0.1927901; 4.6389008; -3.1179619
274.4910507; 1.5961886; -13.6203586; 1.9179154; 0.2261525; 4.5025227; -3.4423421
274.6909714; 1.3931247; -13.6995849; 1.9678698; 0.2319807; 4.3469898; -3.3213416
274.8908920; 1.2009521; -13.7857905; 2.0172352; 0.2365442; 4.1914568; -3.2003412
275.0908127; 1.0194197; -13.8781519; 2.0657754; 0.2398611; 4.0359239; -3.0793407
275.2907333; 0.8482766; -13.9758454; 2.1132759; 0.2419999; 3.8803910; -2.9583402
275.4906540; 0.6872717; -14.0780475; 2.1595478; 0.2430727; 3.7248581; -2.8373398
275.6905746; 0.5361540; -14.1839345; 2.2044310; 0.2432256; 3.5693252; -3.4439172
275.8904953; 0.3772856; -14.3069923; 2.2578602; 0.3140807; 3.3709141; -3.6687307
276.0904159; 0.2222505; -14.4440415; 2.3360687; 0.4455802; 3.1458150; -3.4152820
276.2903366; 0.0853609; -14.5891198; 2.4391762; 0.5891782; 2.9207158; -3.1618334
276.4902572; -0.0307787; -14.7448940; 2.5670027; 0.7212428; 2.6956167; -2.9083847
276.6901779; -0.1235635; -14.9140310; 2.7153514; 0.8035342; 2.4705176; -1.6220764
276.8900985; -0.1892967; -15.0952046; 2.8714730; 0.7910827; 2.3355693; 1.7023599
277.0900192; -0.2261496; -15.2788248; 3.0138044; 0.7342529; 2.4770058; 1.8024211
277.2899398; -0.2373086; -15.4720340; -3.1299631; 0.7100800; 2.6184423; 1.9024822
277.4898605; -0.2209809; -15.6703630; -2.9889829; 0.7086005; 2.7598788; 2.0025433
277.6897811; -0.1753735; -15.8693430; -2.8431925; 0.7195830; 2.9013153; 2.1026045
277.8897018; -0.0986932; -16.0645050; -2.6908233; 0.7313247; 3.0427518; 2.3469892
278.0896224; 0.0019116; -16.2385063; -2.5455297; 0.6710318; 3.1932369; 2.7006214
278.2895431; 0.1131918; -16.3840512; -2.4367400; 0.5202134; 3.3580622; 2.8365123
278.4894637; 0.2429704; -16.5233288; -2.3502609; 0.3931787; 3.5228875; 2.9724031
278.6893844; 0.3882618; -16.6571196; -2.2831133; 0.2911144; 3.6877129; 3.1082940
278.8893050; 0.5460808; -16.7862041; -2.2323950; 0.2097181; 3.8525382; 3.2441848
279.0892257; 0.7134419; -16.9113626; -2.1957310; 0.1434327; 4.0173635; 3.3800756
279.2891463; 0.8873599; -17.0333757; -2.1713947; 0.0870188; 4.1821888; 3.4789731
279.4890670; 1.0620719; -17.1511710; -2.1582412; 0.0454051; 4.3453125; 3.4680254
279.6889876; 1.2276916; -17.2604137; -2.1496934; 0.0407424; 4.5020440; 3.5908980
279.8889083; 1.3943693; -17.3684303; -2.1420724; 0.0359858; 4.6587755; 3.7137706
280.0888289; 1.5621196; -17.4754461; -2.1353906; 0.0311697; 4.8155071; 3.8366433
280.2887496; 1.7309571; -17.5816863; -2.1296559; 0.0263271; 4.9722386; 3.9595159
280.4886702; 1.9008963; -17.6873762; -2.1248718; 0.0214899; 5.1289701; 4.0823885
280.6885909; 2.0719519; -17.7927410; -2.1210380; 0.0166878; 5.2857017; 4.2052611
280.8885115; 2.2441385; -17.8980060; -2.1181501; 0.0119489; 5.4424332; 4.2069355
281.0884322; 2.4152071; -18.0020230; -2.1162206; 0.0073314; 5.5948356; 4.1761611
281.2883528; 2.5846130; -18.1046892; -2.1152123; 0.0028724; 5.7421240; 4.2846734
281.4882735; 2.7548101; -18.2077020; -2.1150759; -0.0014840; 5.8894123; 4.3931857
281.6881941; 2.9255941; -18.3111391; -2.1158009; -0.0057660; 6.0367006; 4.5016980
281.8881148; 3.0967609; -18.4150779; -2.1173804; -0.0100009; 6.1839889; 4.6102103
282.0880354; 3.2681062; -18.5195958; -2.1198107; -0.0142144; 6.3312772; 4.7187226
282.2879560; 3.4394258; -18.6247706; -2.1230919; -0.0184316; 6.4785655; 4.8272349
282.4878767; 3.6105154; -18.7306795; -2.1272272; -0.0226769; 6.6258539; 3.8717561
282.6877973; 3.7810342; -18.8373157; -2.1322537; -0.0276969; 6.7416635; 2.7741845
282.8877180; 3.9507621; -18.9447781; -2.1384059; -0.0335667; 6.8234347; 2.8076304
283.0876386; 4.1196310; -19.0532983; -2.1457401; -0.0395260; 6.9052058; 2.8410762
283.2875593; 4.2874241; -19.1630172; -2.1542708; -0.0455981; 6.9869770; 2.8745221
283.4874799; 4.4539248; -19.2740756; -2.1640154; -0.0518043; 7.0687481; 2.9079680
283.6874006; 4.6189167; -19.3866144; -2.1749938; -0.0581639; 7.1505192; 2.9414138
283.8873212; 4.7821830; -19.5007745; -2.1872284; -0.0646938; 7.2322904; 2.9748597
284.0872419; 4.9435071; -19.6166967; -2.2007436; -0.0714077; 7.3140615; 1.4937721
284.2871625; 5.1049009; -19.7361937; -2.2156812; -0.0763637; 7.3547786; -0.0792531
284.4870832; 5.2661601; -19.8594823; -2.2314984; -0.0795229; 7.3526239; -0.0792299
284.6870038; 5.4247325; -19.9848159; -2.2479137; -0.0829528; 7.3504693; -0.0792067
284.8869245; 5.5804271; -20.1121641; -2.2649678; -0.0866706; 7.3483147; -0.0791834
285.0868451; 5.7330526; -20.2414962; -2.2827037; -0.0906948; 7.3461601; -0.0791602
285.2867658; 5.8824180; -20.3727819; -2.3011662; -0.0950448; 7.3440055; -0.0791370
285.4866864; 6.0283321; -20.5059906; -2.3204023; -0.0997405; 7.3418509; -0.0791138
285.6866071; 6.1706037; -20.6410918; -2.3404613; -0.1048021; 7.3396963; -0.4344403
285.8865277; 6.3145954; -20.7836585; -2.3620771; -0.1079175; 7.3278534; -0.5703930
286.0864484; 6.4564013; -20.9303616; -2.3843385; -0.1103168; 7.3122752; -0.5691791
286.2863690; 6.5937512; -21.0789821; -2.4069190; -0.1128706; 7.2966970; -0.5679652
286.4862897; 6.7265758; -21.2294320; -2.4298411; -0.1155850; 7.2811188; -0.5667513
286.6862103; 6.8548058; -21.3816239; -2.4531277; -0.1184656; 7.2655406; -0.5655374
286.8861310; 6.9783720; -21.5354699; -2.4768024; -0.1215178; 7.2499624; -0.5643236
287.0860516; 7.0972053; -21.6908824; -2.5008889; -0.1247463; 7.2343842; -0.4814434
287.2859723; 7.2134730; -21.8509310; -2.5258452; -0.1265405; 7.2210674; -0.3407869
287.4858929; 7.3284518; -22.0179322; -2.5513735; -0.1251504; 7.2116263; -0.3403411
287.6858136; 7.4383622; -22.1865402; -2.5763660; -0.1230799; 7.2021852; -0.3398952
287.8857342; 7.5434366; -22.3567725; -2.6007271; -0.1203561; 7.1927441; -0.3394494
288.0856549; 7.6439078; -22.5286469; -2.6243666; -0.1170175; 7.1833029; -0.3390035
288.2855755; 7.7400084; -22.7021812; -2.6472013; -0.1131122; 7.1738618; -0.3385577
288.4854962; 7.8319711; -22.8773932; -2.6691555; -0.1086960; 7.1644207; -0.3322311
288.6854168; 7.9203051; -23.0548769; -2.6903243; -0.1062728; 7.1551439; -0.3227753
288.8853375; 8.0052471; -23.2350010; -2.7115946; -0.1072912; 7.1461196; -0.3223679
289.0852581; 8.0863475; -23.4169571; -2.7330473; -0.1080338; 7.1370953; -0.3219606
289.2851788; 8.1635955; -23.6008155; -2.7546431; -0.1084924; 7.1280710; -0.3215532
289.4850994; 8.2369803; -23.7866462; -2.7763417; -0.1086623; 7.1190467; -0.3211459
289.6850201; 8.3064910; -23.9745195; -2.7981021; -0.1085419; 7.1100224; -0.3207385
289.8849407; 8.3721169; -24.1645055; -2.8198833; -0.1081330; 7.1009981; -0.0070340
290.0848614; 8.4330869; -24.3542183; -2.8413716; -0.1075406; 7.1008001; 0.3371727
290.2847820; 8.4894500; -24.5433511; -2.8625389; -0.1069626; 7.1102867; 0.3376229
290.4847026; 8.5420458; -24.7345317; -2.8836883; -0.1063543; 7.1197734; 0.3380731
290.6846233; 8.5908262; -24.9277224; -2.9048170; -0.1057148; 7.1292600; 0.3385232
290.8845439; 8.6357434; -25.1228860; -2.9259217; -0.1050431; 7.1387467; 0.3389734
291.0844646; 8.6767491; -25.3199849; -2.9469989; -0.1043387; 7.1482333; 0.3394236
291.2843852; 8.7137955; -25.5189817; -2.9680449; -0.1036009; 7.1577200; 0.5641805
291.4843059; 8.7463980; -25.7170013; -2.9887429; -0.1023540; 7.1734607; 0.9484055
291.6842265; 8.7744286; -25.9119033; -3.0086985; -0.1003508; 7.1998437; 0.9518872
291.8841472; 8.7987241; -26.1083923; -3.0283760; -0.0984397; 7.2262268; 0.9553689
292.0840678; 8.8192859; -26.3063858; -3.0477887; -0.0966199; 7.2526098; 0.9588506
292.2839885; 8.8361154; -26.5058012; -3.0669503; -0.0948901; 7.2789929; 0.9623324
292.4839091; 8.8492137; -26.7065562; -3.0858740; -0.0932491; 7.3053759; 0.9658141
292.6838298; 8.8585822; -26.9085682; -3.1045733; -0.0916952; 7.3317590; 0.9692958
292.8837504; 8.8642222; -27.1117546; -3.1230611; -0.0902266; 7.3581421; 1.4358248
293.0836711; 8.8661373; -27.3088252; -3.1406117; -0.0878799; 7.3970505; 1.4515503
293.2835917; 8.8646256; -27.5067059; 3.1254080; -0.0856269; 7.4361782; 1.4592082
293.4835124; 8.8597309; -27.7054429; 3.1086005; -0.0834832; 7.4753059; 1.4668661
293.6834330; 8.8514946; -27.9049566; 3.0921352; -0.0814473; 7.5144336; 1.4745240
293.8833537; 8.8399579; -28.1051675; 3.0759968; -0.0795171; 7.5535612; 1.4821820
294.0832743; 8.8251623; -28.3059961; 3.0601698; -0.0776905; 7.5926889; 1.4898399
294.2831950; 8.8071491; -28.5073628; 3.0446391; -0.0759654; 7.6318166; 1.6392010
294.4831156; 8.7861609; -28.7074028; 3.0295320; -0.0740790; 7.6746364; 1.9498834
294.6830363; 8.7625867; -28.9040392; 3.0150945; -0.0717366; 7.7252630; 1.9627037
294.8829569; 8.7361279; -29.1009784; 3.0010649; -0.0694863; 7.7758896; 1.9755240
295.0828776; 8.7068549; -29.2981596; 2.9874301; -0.0673266; 7.8265161; 1.9883443
295.2827982; 8.6748378; -29.4955224; 2.9741771; -0.0652556; 7.8771427; 2.0011647
295.4827189; 8.6401469; -29.6930062; 2.9612933; -0.0632714; 7.9277692; 2.0139850
295.6826395; 8.6028523; -29.8905503; 2.9487659; -0.0613716; 7.9783958; 2.0268053
295.8825602; 8.5630243; -30.0880944; 2.9365829; -0.0595539; 8.0290223; 2.2209672
296.0824808; 8.5210458; -30.2841591; 2.9248246; -0.0576368; 8.0841347; 2.4662998
296.2824015; 8.4771296; -30.4783254; 2.9135582; -0.0555638; 8.1448980; 2.4847680
296.4823221; 8.4309846; -30.6723373; 2.9026787; -0.0535558; 8.2056612; 2.5032362
296.6822428; 8.3826920; -30.8661512; 2.8921768; -0.0516109; 8.2664244; 2.5217044
296.8821634; 8.3323331; -31.0597233; 2.8820432; -0.0497268; 8.3271877; 2.5401726
297.0820841; 8.2799890; -31.2530100; 2.8722692; -0.0479011; 8.3879509; 2.5586407
297.2820047; 8.2257411; -31.4459676; 2.8628462; -0.0461316; 8.4487141; 2.5771089
297.4819254; 8.1696706; -31.6385526; 2.8537661; -0.0444155; 8.5094774; 2.7476023
297.6818460; 8.1119345; -31.8304731; 2.8450337; -0.0427119; 8.5737862; 2.9681923
297.8817667; 8.0526440; -32.0216179; 2.8366578; -0.0409989; 8.6427204; 2.9919613
298.0816873; 7.9917834; -32.2122811; 2.8286206; -0.0393213; 8.7116546; 3.0157303
298.2816080; 7.9294331; -32.4024325; 2.8209170; -0.0376773; 8.7805888; 3.0394994
298.4815286; 7.8656733; -32.5920420; 2.8135417; -0.0360645; 8.8495229; 3.0632684
298.6814492; 7.8005844; -32.7810795; 2.8064901; -0.0344808; 8.9184571; 3.0870375
298.8813699; 7.7342468; -32.9695150; 2.7997577; -0.0329238; 8.9873913; 3.1108065
299.0812905; 7.6667409; -33.1573182; 2.7933405; -0.0313910; 9.0563255; -0.5231664
299.2812112; 7.5978122; -33.3453611; 2.7871738; -0.0306657; 9.0447691; -5.9104933
299.4811318; 7.5273301; -33.5340293; 2.7809498; -0.0311479; 8.9131694; -5.8238666
299.6810525; 7.4557990; -33.7219046; 2.7746360; -0.0316729; 8.7815697; -5.7372398
299.8809731; 7.3832304; -33.9089187; 2.7682261; -0.0322424; 8.6499700; -5.6506130
300.0808938; 7.3096358; -34.0950031; 2.7617133; -0.0328583; 8.5183703; -5.5639862
300.2808144; 7.2350267; -34.2800893; 2.7550907; -0.0335226; 8.3867706; -5.4773595
300.4807351; 7.1594147; -34.4641089; 2.7483512; -0.0342377; 8.2551709; -5.3907327
300.6806557; 7.0828113; -34.6469935; 2.7414873; -0.0350061; 8.1235712; -5.5011833
300.8805764; 7.0041529; -34.8311679; 2.7344059; -0.0355902; 7.9870400; -5.6312295
301.0804970; 6.9232488; -35.0169040; 2.7271610; -0.0359370; 7.8448206; -5.5300576
301.2804177; 6.8413456; -35.2012633; 2.7198735; -0.0363179; 7.7026012; -5.4288856
301.4803383; 6.7584662; -35.3842035; 2.7125383; -0.0367344; 7.5603818; -5.3277136
301.6802590; 6.6746335; -35.5656821; 2.7051502; -0.0371878; 7.4181623; -5.2265417
301.8801796; 6.5898702; -35.7456570; 2.6977039; -0.0376797; 7.2759429; -5.1253697
302.0801003; 6.5041992; -35.9240857; 2.6901940; -0.0382119; 7.1337235; -5.0241977
302.2800209; 6.4176432; -36.1009260; 2.6826148; -0.0387861; 6.9915041; -5.0209606
302.4799416; 6.3273777; -36.2817316; 2.6742320; -0.0456908; 6.8464255; -4.9466234
302.6798622; 6.2350628; -36.4624335; 2.6640333; -0.0548890; 6.7004237; -4.8399984
302.8797829; 6.1413187; -36.6410093; 2.6520108; -0.0643912; 6.5544219; -4.7333735
303.0797035; 6.0458618; -36.8172639; 2.6381268; -0.0742009; 6.4084201; -4.6267486
303.2796242; 5.9484082; -36.9910023; 2.6223444; -0.0843117; 6.2624183; -4.5201237
303.4795448; 5.8486744; -37.1620295; 2.6046286; -0.0947048; 6.1164165; -4.4134987
303.6794655; 5.7463766; -37.3301504; 2.5849482; -0.1053460; 5.9704147; -3.9821697
303.8793861; 5.6399303; -37.4971623; 2.5630045; -0.1162272; 5.8355476; -3.3306744
304.0793068; 5.5278927; -37.6642594; 2.5385193; -0.1271655; 5.7203037; -3.2642423
304.2792274; 5.4121412; -37.8277179; 2.5119711; -0.1378764; 5.6050598; -3.1978102
304.4791481; 5.2923247; -37.9873966; 2.4834087; -0.1481857; 5.4898159; -3.1313781
304.6790687; 5.1680925; -38.1431546; 2.4529049; -0.1578985; 5.3745721; -3.0649459
304.8789894; 5.0390936; -38.2948507; 2.4205593; -0.1668055; 5.2593282; -2.9985138
305.0789100; 4.9049773; -38.4423440; 2.3864994; -0.1746920; 5.1440843; -2.8224574
305.2788307; 4.7654918; -38.5853955; 2.3509252; -0.1804922; 5.0331966; -2.3542430
305.4787513; 4.6207762; -38.7234901; 2.3145519; -0.1834050; 4.9387999; -2.3096716
305.6786720; 4.4707354; -38.8564820; 2.2773639; -0.1877725; 4.8444032; -2.2651003
305.8785926; 4.3156862; -38.9838117; 2.2391294; -0.1935862; 4.7500065; -2.2205289
306.0785133; 4.1559453; -39.1049196; 2.1996169; -0.2008503; 4.6556098; -2.1759575
306.2784339; 3.9918294; -39.2192462; 2.1585941; -0.2095733; 4.5612131; -2.1313861
306.4783545; 3.8236553; -39.3262318; 2.1158286; -0.2197588; 4.4668164; -2.0122776
306.6782752; 3.6515061; -39.4254447; 2.0710272; -0.2315849; 4.3758265; 0.2477480
306.8781958; 3.4688147; -39.5195770; 2.0214317; -0.2515986; 4.3871309; 0.2483872
307.0781165; 3.2829820; -39.6035060; 1.9677917; -0.2750831; 4.3984352; 0.2490264
307.2780371; 3.0945759; -39.6762217; 1.9095675; -0.3020743; 4.4097396; 0.2496656
307.4779578; 2.9041645; -39.7367143; 1.8462357; -0.3323808; 4.4210440; 0.2503048
307.6778784; 2.7123158; -39.7839741; 1.7773273; -0.3654355; 4.4323484; 0.2509440
307.8777991; 2.5195976; -39.8169912; 1.7024861; -0.4001229; 4.4436528; 0.4653079
308.0777197; 2.3261293; -39.8347800; 1.6214887; -0.4247616; 4.4645380; 1.7648327
308.2776404; 2.1300766; -39.8368001; 1.5420510; -0.3838526; 4.5428793; 1.7955317
308.4775610; 1.9341032; -39.8240586; 1.4712491; -0.3363536; 4.6212206; 1.8262307
308.6774817; 1.7381109; -39.7982046; 1.4096790; -0.2863848; 4.6995620; 1.8569297
308.8774023; 1.5420016; -39.7608869; 1.3574780; -0.2368820; 4.7779033; 1.8876287
309.0773230; 1.3456772; -39.7137547; 1.3144794; -0.1895618; 4.8562446; 1.9183277
309.2772436; 1.1490394; -39.6584569; 1.2803526; -0.1451534; 4.9345859; 1.9452516
309.4771643; 0.9561469; -39.5979900; 1.2547225; -0.1170078; 5.0127767; 1.9691290
309.6770849; 0.7701935; -39.5348273; 1.2321017; -0.1134659; 5.0907042; 1.9995045
309.8770056; 0.5841855; -39.4669657; 1.2099354; -0.1105328; 5.1686317; 2.0298800
310.0769262; 0.3983916; -39.3945183; 1.1881380; -0.1081652; 5.2465592; 2.0602556
310.2768469; 0.2130801; -39.3175980; 1.1666282; -0.1063281; 5.3244867; 2.0906311
310.4767675; 0.0285195; -39.2363179; 1.1453280; -0.1049934; 5.4024142; 2.1210066
310.6766882; -0.1550215; -39.1507908; 1.1241620; -0.1041394; 5.4803418; 2.1905716
310.8766088; -0.3364469; -39.0615480; 1.1031605; -0.1032957; 5.5596787; 2.4186199
311.0765295; -0.5123493; -38.9704693; 1.0829891; -0.1003574; 5.6459801; 2.4558743
311.2764501; -0.6868525; -38.8756642; 1.0633548; -0.0973672; 5.7322815; 2.4931288
311.4763708; -0.8599834; -38.7772159; 1.0442634; -0.0943416; 5.8185829; 2.5303832
311.6762914; -1.0317688; -38.6752080; 1.0257189; -0.0912961; 5.9048843; 2.5676376
311.8762121; -1.2022353; -38.5697239; 1.0077231; -0.0882445; 5.9911857; 2.6048921
312.0761327; -1.3714098; -38.4608468; 0.9902764; -0.0851992; 6.0774871; 2.6421465
312.2760534; -1.5393190; -38.3486603; 0.9733775; -0.0821714; 6.1637885; 3.1110543
312.4759740; -1.7027051; -38.2355740; 0.9575471; -0.0765619; 6.2638819; 3.2906222
312.6758947; -1.8639993; -38.1202707; 0.9429880; -0.0703303; 6.3680408; 3.3448891
312.8758153; -2.0242485; -38.0022971; 0.9295996; -0.0642612; 6.4721996; 3.3991559
313.0757360; -2.1835231; -37.8818643; 0.9173608; -0.0583516; 6.5763585; 3.4534228
313.2756566; -2.3418936; -37.7591837; 0.9062505; -0.0525953; 6.6805173; 3.5076897
313.4755773; -2.4994306; -37.6344666; 0.8962490; -0.0469831; 6.7846762; 3.5619565
313.6754979; -2.6562045; -37.5079240; 0.8873375; -0.0415039; 6.8888351; 3.6626285
313.8754186; -2.8118087; -37.3801622; 0.8795161; -0.0364461; 6.9943205; 3.9304336
314.0753392; -2.9646507; -37.2527817; 0.8726258; -0.0328268; 7.1057771; 3.9925712
314.2752599; -3.1169420; -37.1241635; 0.8664382; -0.0292654; 7.2172338; 4.0547088
314.4751805; -3.2687359; -36.9944394; 0.8609459; -0.0257567; 7.3286904; 4.1168464
314.6751011; -3.4200856; -36.8637409; 0.8561422; -0.0222952; 7.4401471; 4.1789840
314.8750218; -3.5710445; -36.7321995; 0.8520212; -0.0188748; 7.5516037; 4.2411215
315.0749424; -3.7216658; -36.5999468; 0.8485777; -0.0154892; 7.6630604; 4.3032591
315.2748631; -3.8720029; -36.4671144; 0.8458076; -0.0121320; 7.7745170; 4.3176970
315.4747837; -4.0218971; -36.3340216; 0.8436913; -0.0092036; 7.8847643; 4.3219716
315.6747044; -4.1713516; -36.2008242; 0.8420929; -0.0067665; 7.9935981; 4.3812191
315.8746250; -4.3206350; -36.0674161; 0.8409814; -0.0043382; 8.1024320; 4.4404666
316.0745457; -4.4697677; -35.9339095; 0.8403558; -0.0019122; 8.2112658; 4.4997141
316.2744663; -4.6187702; -35.8004166; 0.8402162; 0.0005180; 8.3200996; 4.5589616
316.4743870; -4.7676629; -35.6670499; 0.8405634; 0.0029589; 8.4289334; 4.6182090
316.6743076; -4.9164665; -35.5339216; 0.8413992; 0.0054171; 8.5377672; 4.6774565
316.8742283; -5.0652012; -35.4011441; 0.8427262; 0.0078994; 8.6466010; 4.4505580
317.0741489; -5.2150329; -35.2678022; 0.8444050; 0.0082232; 8.7488986; 4.3885513
317.2740696; -5.3652670; -35.1345452; 0.8460021; 0.0076813; 8.8486129; 4.4382858
317.4739902; -5.5154398; -35.0017556; 0.8474871; 0.0071334; 8.9483272; 4.4880202
317.6739109; -5.6655409; -34.8694110; 0.8488593; 0.0065795; 9.0480415; 4.5377547
317.8738315; -5.8155599; -34.7374892; 0.8501179; 0.0060200; 9.1477559; 4.5874892
318.0737522; -5.9654863; -34.6059679; 0.8512623; 0.0054548; 9.2474702; 4.6372236
318.2736728; -6.1153097; -34.4748248; 0.8522917; 0.0048841; 9.3471845; 4.6617309
318.4735935; -6.2651162; -34.3439534; 0.8532062; 0.0043421; 9.4463650; 4.2721075
318.6735141; -6.4164634; -34.2119722; 0.8540823; 0.0043833; 9.5363503; 4.3126104
318.8734348; -6.5676973; -34.0803237; 0.8549652; 0.0044233; 9.6263355; 4.3531132
319.0733554; -6.7188300; -33.9489986; 0.8558548; 0.0044622; 9.7163208; 4.3936160
319.2732761; -6.8698736; -33.8179874; 0.8567507; 0.0045000; 9.8063061; 4.4341188
319.4731967; -7.0208402; -33.6872806; 0.8576530; 0.0045366; 9.8962914; 4.4746217
319.6731174; -7.1717419; -33.5568689; 0.8585614; 0.0045720; 9.9862767; 4.5151245
319.8730380; -7.3225910; -33.4267426; 0.8594756; 0.0046062; 10.0762620; 4.3836246
320.0729587; -7.4739845; -33.2963892; 0.8603992; 0.0046404; 10.1628642; 4.2347660
320.2728793; -7.6259757; -33.1657666; 0.8613327; 0.0046751; 10.2458305; 4.2691967
320.4728000; -7.7779434; -33.0354115; 0.8622721; 0.0047091; 10.3287969; 4.3036274
320.6727206; -7.9298950; -32.9053185; 0.8632175; 0.0047424; 10.4117632; 4.3380581
320.8726413; -8.0818382; -32.7754822; 0.8641685; 0.0047749; 10.4947295; 4.3724889
321.0725619; -8.2337807; -32.6458972; 0.8651253; 0.0048066; 10.5776958; 4.4069196
321.2724826; -8.3857298; -32.5165580; 0.8660875; 0.0048376; 10.6606622; 4.4413503
321.4724032; -8.5376934; -32.3874592; 0.8670551; 0.0048677; 10.7436285; 4.1929147
321.6723239; -8.6904290; -32.2579597; 0.8680268; 0.0048354; 10.8213702; 4.2142079
321.8722445; -8.8432165; -32.1286701; 0.8689911; 0.0048001; 10.8989480; 4.2443114
322.0721652; -8.9960388; -31.9996028; 0.8699477; 0.0047638; 10.9765258; 4.2744150
322.2720858; -9.1489019; -31.8707503; 0.8708963; 0.0047264; 11.0541036; 4.3045185
322.4720065; -9.3018121; -31.7421049; 0.8718370; 0.0046880; 11.1316814; 4.3346220
322.6719271; -9.4547757; -31.6136592; 0.8727694; 0.0046486; 11.2092592; 4.3647255
322.8718477; -9.6077987; -31.4854056; 0.8736936; 0.0046082; 11.2868370; 4.2786187
323.0717684; -9.7610709; -31.3571830; 0.8746077; 0.0045129; 11.3623702; 4.1879359
323.2716890; -9.9146003; -31.2289804; 0.8754952; 0.0043615; 11.4358195; 4.2149206
323.4716097; -10.0682028; -31.1009440; 0.8763521; 0.0042092; 11.5092687; 4.2419053
323.6715303; -10.2218810; -30.9730636; 0.8771784; 0.0040560; 11.5827180; 4.2688899
323.8714510; -10.3756374; -30.8453289; 0.8779738; 0.0039020; 11.6561672; 4.2958746
324.0713716; -10.5294747; -30.7177296; 0.8787382; 0.0037472; 11.7296164; 4.3228592
324.2712923; -10.6833954; -30.5902557; 0.8794716; 0.0035917; 11.8030657; 4.2192959
324.4712129; -10.8374018; -30.4628971; 0.8801737; 0.0034262; 11.8743172; 1.0070443
324.6711336; -10.9914843; -30.3356511; 0.8808186; 0.0030283; 11.8912601; 1.0084802
324.8710542; -11.1456523; -30.2084915; 0.8813840; 0.0026299; 11.9082030; 1.0099161
325.0709749; -11.2999027; -30.0814000; 0.8818698; 0.0022312; 11.9251459; 1.0113520
325.2708955; -11.4542325; -29.9543586; 0.8822759; 0.0018324; 11.9420888; 1.0127879
325.4708162; -11.6086387; -29.8273492; 0.8826024; 0.0014336; 11.9590317; 1.0142237
325.6707368; -11.7631184; -29.7003535; 0.8828492; 0.0010351; 11.9759746; 1.0156596
325.8706575; -11.9176686; -29.5733536; 0.8830165; 0.0006369; 11.9929175; -2.7696988
326.0705781; -12.0720549; -29.4465208; 0.8830967; 0.0001139; 11.9466577; -5.4558989
326.2704988; -12.2263358; -29.3197804; 0.8830583; -0.0004982; 11.8550047; -5.4138809
326.4704194; -12.3806680; -29.1929722; 0.8828978; -0.0011089; 11.7633517; -5.3718629
326.6703401; -12.5350424; -29.0660719; 0.8826153; -0.0017181; 11.6716987; -5.3298448
326.8702607; -12.6894498; -28.9390557; 0.8822110; -0.0023255; 11.5800457; -5.2878268
327.0701814; -12.8438810; -28.8118995; 0.8816852; -0.0029308; 11.4883927; -5.2458088
327.2701020; -12.9983268; -28.6845791; 0.8810382; -0.0035339; 11.3967397; -5.5612900
327.4700227; -13.1526950; -28.5571392; 0.8802711; -0.0040899; 11.2987629; -8.4971621
327.6699433; -13.3063615; -28.4300700; 0.8794379; -0.0042668; 11.1474000; -8.3825630
327.8698640; -13.4600303; -28.3027785; 0.8785690; -0.0044420; 10.9960371; -8.2679639
328.0697846; -13.6137059; -28.1752514; 0.8776646; -0.0046154; 10.8446742; -8.1533648
328.2697053; -13.7673929; -28.0474754; 0.8767250; -0.0047870; 10.6933113; -8.0387657
328.4696259; -13.9210959; -27.9194371; 0.8757503; -0.0049566; 10.5419484; -7.9241666
328.6695466; -14.0748193; -27.7911232; 0.8747410; -0.0051242; 10.3905855; -7.8095675
328.8694672; -14.2285679; -27.6625203; 0.8736973; -0.0052897; 10.2392226; -7.8055692
329.0693879; -14.3816510; -27.5342001; 0.8726571; -0.0048982; 10.0856676; -7.7627790
329.2693085; -14.5342963; -27.4059932; 0.8717576; -0.0041267; 9.9305997; -7.6425011
329.4692292; -14.6870017; -27.2775212; 0.8710107; -0.0033595; 9.7755319; -7.5222232
329.6691498; -14.8397857; -27.1488080; 0.8704159; -0.0025965; 9.6204640; -7.4019452
329.8690705; -14.9926665; -27.0198776; 0.8699726; -0.0018376; 9.4653961; -7.2816673
330.0689911; -15.1456625; -26.8907536; 0.8696803; -0.0010828; 9.3103283; -7.1613894
330.2689118; -15.2987920; -26.7614602; 0.8695386; -0.0003320; 9.1552604; -7.0379914
330.4688324; -15.4520429; -26.6320467; 0.8695470; 0.0004116; 9.0002619; -6.7640880
330.6687530; -15.6039405; -26.5037960; 0.8696863; 0.0009889; 8.8487373; -6.6492440
330.8686737; -15.7560557; -26.3754128; 0.8699402; 0.0015616; 8.6972128; -6.5343999
331.0685943; -15.9084390; -26.2468845; 0.8703082; 0.0021286; 8.5456882; -6.4195559
331.2685150; -16.0611406; -26.1181986; 0.8707893; 0.0026887; 8.3941637; -6.3047119
331.4684356; -16.2142109; -25.9893427; 0.8713827; 0.0032408; 8.2426391; -6.1898679
331.6683563; -16.3677002; -25.8603042; 0.8720872; 0.0037839; 8.0911145; -6.0750238
331.8682769; -16.5216587; -25.7310706; 0.8729015; 0.0043169; 7.9395900; -5.6036261
332.0681976; -16.6754812; -25.6021821; 0.8739376; 0.0080184; 7.7972128; -4.9045843
332.2681182; -16.8287722; -25.4741751; 0.8764456; 0.0170862; 7.6704284; -4.8241810
332.4680389; -16.9827562; -25.3464796; 0.8807684; 0.0261314; 7.5436441; -4.7437777
332.6679595; -17.1375460; -25.2194764; 0.8869088; 0.0352144; 7.4168597; -4.6633744
332.8678802; -17.2932543; -25.0935467; 0.8948777; 0.0443921; 7.2900753; -4.5829711
333.0678008; -17.4499937; -24.9690714; 0.9046931; 0.0537165; 7.1632909; -4.5025678
333.2677215; -17.6078768; -24.8464316; 0.9163797; 0.0632345; 7.0365065; -4.4221645
333.4676421; -17.7670164; -24.7260083; 0.9299679; 0.0729864; 6.9097221; -3.4242772
333.6675628; -17.9299171; -24.6064485; 0.9455933; 0.0809094; 6.8099260; -2.8445074
333.8674834; -18.0956310; -24.4889558; 0.9627476; 0.0880740; 6.7259008; -2.8091921
334.0674041; -18.2626849; -24.3749408; 0.9813321; 0.0958035; 6.6418755; -2.7738769
334.2673247; -18.4309944; -24.2647770; 1.0014328; 0.1041633; 6.5578502; -2.7385617
334.4672454; -18.6004748; -24.1588378; 1.0231439; 0.1132200; 6.4738250; -2.7032464
334.6671660; -18.7710415; -24.0574964; 1.0465671; 0.1230385; 6.3897997; -2.6679312
334.8670867; -18.9426101; -23.9611263; 1.0718110; 0.1336803; 6.3057744; -2.5991141
335.0670073; -19.1157485; -23.8697678; 1.0990957; 0.1450781; 6.2228255; -2.1311974
335.2669280; -19.2983736; -23.7800593; 1.1296476; 0.1551947; 6.1539757; -2.1074865
335.4668486; -19.4821307; -23.6968577; 1.1619455; 0.1649607; 6.0851259; -2.0837756
335.6667693; -19.6672083; -23.6203434; 1.1959159; 0.1741671; 6.0162760; -2.0600647
335.8666899; -19.8537947; -23.5506971; 1.2314581; 0.1825903; 5.9474262; -2.0363538
336.0666106; -20.0420782; -23.4880995; 1.2684427; 0.1900025; 5.8785764; -2.0126429
336.2665312; -20.2322474; -23.4327311; 1.3067122; 0.1961839; 5.8097265; -1.9889319
336.4664519; -20.4244906; -23.3847725; 1.3460816; 0.2009366; 5.7408767; -0.4348325
336.6663725; -20.6174476; -23.3446581; 1.3854338; 0.1975713; 5.7257140; -0.2492099
336.8662932; -20.8123268; -23.3120102; 1.4240368; 0.1931001; 5.7170059; -0.2488306
337.0662138; -21.0091484; -23.2867282; 1.4618981; 0.1884480; 5.7082978; -0.2484513
337.2661345; -21.2077534; -23.2687522; 1.4990054; 0.1836778; 5.6995897; -0.2480720
337.4660551; -21.4079829; -23.2580224; 1.5353536; 0.1788464; 5.6908816; -0.2476926
337.6659758; -21.6096778; -23.2544791; 1.5709443; 0.1740044; 5.6821735; -0.2473133
337.8658964; -21.8126791; -23.2580624; 1.6057851; 0.1691956; 5.6734654; 1.0502100
338.0658171; -22.0117790; -23.2683582; 1.6388928; 0.1620906; 5.7103526; 1.7583552
338.2657377; -22.2089985; -23.2849393; 1.6702026; 0.1544397; 5.7715847; 1.7771095
338.4656584; -22.4066898; -23.3076824; 1.7002434; 0.1476149; 5.8328168; 1.7958638
338.6655790; -22.6045266; -23.3363684; 1.7291374; 0.1415854; 5.8940489; 1.8146181
338.8654996; -22.8021824; -23.3707782; 1.7570034; 0.1363198; 5.9552810; 1.8333724
339.0654203; -22.9993308; -23.4106928; 1.7839567; 0.1317889; 6.0165131; 1.8521267
339.2653409; -23.1956454; -23.4558932; 1.8101098; 0.1279673; 6.0777452; 1.9136521
339.4652616; -23.3906421; -23.5061177; 1.8355471; 0.1244913; 6.1403700; 2.2308609
339.6651822; -23.5831531; -23.5608553; 1.8599070; 0.1189214; 6.2125787; 2.2569417
339.8651029; -23.7742245; -23.6201323; 1.8831390; 0.1133276; 6.2847874; 2.2830225
340.0650235; -23.9638447; -23.6837055; 1.9052455; 0.1077438; 6.3569961; 2.3091034
340.2649442; -24.1520026; -23.7513318; 1.9262331; 0.1021976; 6.4292048; 2.3351842
340.4648648; -24.3386867; -23.8227679; 1.9461116; 0.0967099; 6.5014135; 2.3612650
340.6647855; -24.5238856; -23.8977707; 1.9648934; 0.0912962; 6.5736222; 2.3873458
340.8647061; -24.7075881; -23.9760969; 1.9825922; 0.0859667; 6.6458309; 2.7631107
341.0646268; -24.8900246; -24.0576129; 1.9992196; 0.0802572; 6.7284377; 3.0832146
341.2645474; -25.0712037; -24.1420779; 2.0146500; 0.0741057; 6.8194333; 3.1246321
341.4644681; -25.2510505; -24.2291871; 2.0288372; 0.0678726; 6.9104289; 3.1660495
341.6643887; -25.4296860; -24.3187205; 2.0417718; 0.0615842; 7.0014245; 3.2074669
341.8643094; -25.6072312; -24.4104583; 2.0534479; 0.0552621; 7.0924200; 3.2488843
342.0642300; -25.7838069; -24.5041804; 2.0638617; 0.0489237; 7.1834156; 3.2903017
342.2641507; -25.9595341; -24.5996670; 2.0730120; 0.0425825; 7.2744112; 3.3317192
342.4640713; -26.1345337; -24.6966981; 2.0808988; 0.0362484; 7.3654068; 4.1602870
342.6639920; -26.3087547; -24.7949536; 2.0874829; 0.0295943; 7.4774777; 4.2247212
342.8639126; -26.4824520; -24.8942738; 2.0927422; 0.0229810; 7.5895909; 4.2875931
343.0638333; -26.6557081; -24.9944018; 2.0966816; 0.0163956; 7.7017042; 4.3504649
343.2637539; -26.8286051; -25.0950805; 2.0993044; 0.0098230; 7.8138174; 4.4133368
343.4636746; -27.0012251; -25.1960525; 2.1006115; 0.0032468; 7.9259307; 4.4762086
343.6635952; -27.1736501; -25.2970608; 2.1006018; -0.0033504; 8.0380439; 4.5390805
343.8635159; -27.3459623; -25.3978481; 2.0992716; -0.0099860; 8.1501572; 4.3330911
344.0634365; -27.5188565; -25.4985155; 2.0966829; -0.0148772; 8.2557623; 4.0359456
344.2633572; -27.6925857; -25.5989823; 2.0934381; -0.0174627; 8.3529245; 4.0831669
344.4632778; -27.8664122; -25.6986947; 2.0896783; -0.0200638; 8.4500868; 4.1303881
344.6631985; -28.0403927; -25.7975685; 2.0854019; -0.0226792; 8.5472491; 4.1776094
344.8631191; -28.2145840; -25.8955196; 2.0806073; -0.0253072; 8.6444113; 4.2248307
345.0630398; -28.3890426; -25.9924637; 2.0752933; -0.0279458; 8.7415736; 4.2720519
345.2629604; -28.5638254; -26.0883168; 2.0694589; -0.0305927; 8.8387359; 4.3192732
345.4628811; -28.7389890; -26.1829947; 2.0631035; -0.0332454; 8.9358982; 1.9800059
345.6628017; -28.9157626; -26.2770228; 2.0560534; -0.0372651; 8.9800871; 1.8206358
345.8627224; -29.0931507; -26.3696868; 2.0481836; -0.0413809; 9.0205282; 1.8288165
346.0626430; -29.2711614; -26.4608083; 2.0394974; -0.0454886; 9.0609694; 1.8369971
346.2625637; -29.4498850; -26.5502531; 2.0299971; -0.0495790; 9.1014105; 1.8451778
346.4624843; -29.6294121; -26.6378871; 2.0196862; -0.0536416; 9.1418516; 1.8533585
346.6624050; -29.8098331; -26.7235760; 2.0085694; -0.0576646; 9.1822928; 1.8615392
346.8623256; -29.9912384; -26.8071857; 1.9966536; -0.0616346; 9.2227339; 0.8652961
347.0622462; -30.1735430; -26.8885073; 1.9840241; -0.0642038; 9.2414718; -0.1968239
347.2621669; -30.3567806; -26.9674487; 1.9711013; -0.0653335; 9.2372130; -0.1967332
347.4620875; -30.5411381; -27.0440383; 1.9579466; -0.0664510; 9.2329541; -0.1966425
347.6620082; -30.7266176; -27.1182236; 1.9445615; -0.0675535; 9.2286952; -0.1965517
347.8619288; -30.9132213; -27.1899520; 1.9309477; -0.0686383; 9.2244364; -0.1964610
348.0618495; -31.1009511; -27.2591707; 1.9171073; -0.0697025; 9.2201775; -0.1963703
348.2617701; -31.2898090; -27.3258272; 1.9030428; -0.0707428; 9.2159186; -0.2022340
348.4616908; -31.4797678; -27.3898592; 1.8887596; -0.0717216; 9.2115305; -0.4601802
348.6616114; -31.6695624; -27.4508297; 1.8745140; -0.0712075; 9.2015377; -0.4596807
348.8615321; -31.8604109; -27.5091618; 1.8603508; -0.0707400; 9.1915448; -0.4591813
349.0614527; -32.0522521; -27.5648468; 1.8462626; -0.0703190; 9.1815520; -0.4586818
349.2613734; -32.2450244; -27.6178765; 1.8322416; -0.0699443; 9.1715591; -0.4581823
349.4612940; -32.4386664; -27.6682423; 1.8182803; -0.0696157; 9.1615663; -0.4576828
349.6612147; -32.6331168; -27.7159357; 1.8043712; -0.0693333; 9.1515734; -0.4571833
349.8611353; -32.8283141; -27.7609483; 1.7905067; -0.0690968; 9.1415806; -0.3521063
350.0610560; -33.0238932; -27.8032081; 1.7766992; -0.0689349; 9.1338770; -0.2505918
350.2609766; -33.2198041; -27.8427209; 1.7629323; -0.0688375; 9.1283904; -0.2504412
350.4608973; -33.4162879; -27.8795433; 1.7491782; -0.0687737; 9.1229039; -0.2502906
350.6608179; -33.6132929; -27.9136665; 1.7354312; -0.0687434; 9.1174173; -0.2501401
350.8607386; -33.8107670; -27.9450815; 1.7216856; -0.0687465; 9.1119307; -0.2499895
351.0606592; -34.0086583; -27.9737795; 1.7079357; -0.0687831; 9.1064442; -0.2498389
351.2605799; -34.2069149; -27.9997516; 1.6941759; -0.0688532; 9.1009576; -0.2496883
351.4605005; -34.4054849; -28.0229889; 1.6804006; -0.0689567; 9.0954711; -0.2661167
351.6604212; -34.6045831; -28.0435094; 1.6666018; -0.0689242; 9.0896199; -0.2664489
351.8603418; -34.8039019; -28.0612776; 1.6528107; -0.0689155; 9.0837576; -0.2662770
352.0602625; -35.0033834; -28.0762910; 1.6390228; -0.0689359; 9.0778953; -0.2661051
352.2601831; -35.2029780; -28.0885480; 1.6252331; -0.0689855; 9.0720331; -0.2659332
352.4601038; -35.4026362; -28.0980469; 1.6114365; -0.0690643; 9.0661708; -0.2657613
352.6600244; -35.6023081; -28.1047859; 1.5976280; -0.0691725; 9.0603085; -0.2655894
352.8599451; -35.8019443; -28.1087635; 1.5838026; -0.0693102; 9.0544463; -0.4292128
353.0598657; -36.0019123; -28.1099773; 1.5699201; -0.0696120; 9.0449644; -0.6340793
353.2597864; -36.2022684; -28.1084011; 1.5559228; -0.0701120; 9.0309384; -0.6330953
353.4597070; -36.4024392; -28.1040147; 1.5418325; -0.0706409; 9.0169125; -0.6321113
353.6596277; -36.6023754; -28.0968042; 1.5276442; -0.0711985; 9.0028866; -0.6311273
353.8595483; -36.8020276; -28.0867556; 1.5133531; -0.0717842; 8.9888607; -0.6301432
354.0594690; -37.0013467; -28.0738552; 1.4989543; -0.0723976; 8.9748348; -0.6291592
354.2593896; -37.2002832; -28.0580890; 1.4844430; -0.0730380; 8.9608089; -0.6281752
354.4593103; -37.3987880; -28.0394432; 1.4698147; -0.0737049; 8.9467829; -0.9729360
354.6592309; -37.5979535; -28.0177730; 1.4550092; -0.0740810; 8.9250157; -0.9880980
354.8591515; -37.7966594; -27.9931647; 1.4401405; -0.0744372; 8.9028547; -0.9856415
355.0590722; -37.9948180; -27.9656209; 1.4252130; -0.0747883; 8.8806938; -0.9831850
355.2589928; -38.1923997; -27.9351385; 1.4102266; -0.0751336; 8.8585329; -0.9807284
355.4589135; -38.3893746; -27.9017143; 1.3951816; -0.0754724; 8.8363719; -0.9782719
355.6588341; -38.5857131; -27.8653451; 1.3800780; -0.0758041; 8.8142110; -0.9758154
355.8587548; -38.7813855; -27.8260278; 1.3649161; -0.0761277; 8.7920500; -1.2681209
356.0586754; -38.9765996; -27.7837054; 1.3496654; -0.0766900; 8.7631671; -1.5518247
356.2585961; -39.1713163; -27.7383553; 1.3342531; -0.0774854; 8.7276923; -1.5455300
356.4585167; -39.3652677; -27.6900044; 1.3186861; -0.0782692; 8.6922176; -1.5392352
356.6584374; -39.5584198; -27.6386305; 1.3029653; -0.0790388; 8.6567428; -1.5329404
356.8583580; -39.7507384; -27.5842113; 1.2870921; -0.0797918; 8.6212681; -1.5266456
357.0582787; -39.9421896; -27.5267243; 1.2710682; -0.0805258; 8.5857934; -1.5203508
357.2581993; -40.1327391; -27.4661474; 1.2548955; -0.0812381; 8.5503186; -1.4524658
357.4581200; -40.3222975; -27.4024774; 1.2385819; -0.0818581; 8.5162899; -0.7015150
357.6580406; -40.5102192; -27.3359250; 1.2222849; -0.0816307; 8.4998058; -0.7001559
357.8579613; -40.6971555; -27.2662766; 1.2060247; -0.0813823; 8.4833217; -0.6987967
358.0578819; -40.8830825; -27.1935442; 1.1898033; -0.0811136; 8.4668376; -0.6974375
358.2578026; -41.0679766; -27.1177396; 1.1736226; -0.0808253; 8.4503535; -0.6960784
358.4577232; -41.2518138; -27.0388747; 1.1574846; -0.0805179; 8.4338695; -0.6947192
358.6576439; -41.4345703; -26.9569616; 1.1413912; -0.0801920; 8.4173854; -0.6933601
358.8575645; -41.6162223; -26.8720119; 1.1253439; -0.0798484; 8.4009013; -2.2946984
359.0574852; -41.7956015; -26.7846049; 1.1094040; -0.0801759; 8.3461145; -3.2574371
359.2574058; -41.9731223; -26.6945651; 1.0933704; -0.0809235; 8.2677185; -3.2266953
359.4573265; -42.1494377; -26.6015335; 1.0771636; -0.0816675; 8.1893225; -3.1959534
359.6572471; -42.3244913; -26.5054893; 1.0607830; -0.0824052; 8.1109265; -3.1652116
359.8571678; -42.4982268; -26.4064117; 1.0442287; -0.0831335; 8.0325306; -3.1344697
360.0570884; -42.6705879; -26.3042801; 1.0275009; -0.0838493; 7.9541346; -3.1037279
360.2570091; -42.8415181; -26.1990737; 1.0106005; -0.0845495; 7.8757386; -3.1008628
360.4569297; -43.0107318; -26.0909210; 0.9935522; -0.0852106; 7.7966278; -3.3710138
360.6568504; -43.1759269; -25.9813386; 0.9766194; -0.0856133; 7.7097039; -3.3332200
360.8567710; -43.3395961; -25.8687181; 0.9595744; -0.0859638; 7.6227800; -3.2954262
361.0566917; -43.5017054; -25.7530377; 0.9424240; -0.0862596; 7.5358562; -3.2576324
361.2566123; -43.6622210; -25.6342753; 0.9251751; -0.0864987; 7.4489323; -3.2198386
361.4565330; -43.8211092; -25.5124092; 0.9078352; -0.0866791; 7.3620084; -3.1820448
361.6564536; -43.9783361; -25.3874175; 0.8904118; -0.0867990; 7.2750845; -3.1442510
361.8563743; -44.1338678; -25.2592781; 0.8729131; -0.0868568; 7.1881606; -3.3099346
362.0562949; -44.2863314; -25.1291319; 0.8554763; -0.0874519; 7.0955059; -3.5387184
362.2562156; -44.4352039; -24.9974877; 0.8379488; -0.0889711; 6.9950896; -3.4882812
362.4561362; -44.5821389; -24.8628457; 0.8200507; -0.0906702; 6.8946733; -3.4378440
362.6560569; -44.7269536; -24.7252441; 0.8017532; -0.0925481; 6.7942570; -3.3874068
362.8559775; -44.8694653; -24.5847211; 0.7830274; -0.0946038; 6.6938407; -3.3369696
363.0558981; -45.0094912; -24.4413152; 0.7638448; -0.0968363; 6.5934243; -3.2865324
363.2558188; -45.1468487; -24.2950645; 0.7441766; -0.0992442; 6.4930080; -3.2360952
363.4557394; -45.2813549; -24.1460073; 0.7239943; -0.1018261; 6.3925917; -3.2457191
363.6556601; -45.4128665; -23.9941309; 0.7031866; -0.1058480; 6.2902668; -3.2319622
363.8555807; -45.5411162; -23.8394925; 0.6814089; -0.1110063; 6.1866941; -3.1783044
364.0555014; -45.6657783; -23.6821692; 0.6585798; -0.1165128; 6.0831215; -3.1246466
364.2554220; -45.7865550; -23.5222057; 0.6346445; -0.1223735; 5.9795488; -3.0709889
364.4553427; -45.9031482; -23.3596464; 0.6095475; -0.1285898; 5.8759762; -3.0173311
364.6552633; -46.0152602; -23.1945357; 0.5832339; -0.1351572; 5.7724035; -2.9636734
364.8551840; -46.1225930; -23.0269181; 0.5556502; -0.1420634; 5.6688309; -2.9100156
365.0551046; -46.2248487; -22.8568380; 0.5267450; -0.1492866; 5.5652582; -2.5678704
365.2550253; -46.3230336; -22.6819168; 0.4959066; -0.1585635; 5.4722352; -2.4486411
365.4549459; -46.4156618; -22.5038476; 0.4630848; -0.1684870; 5.3820340; -2.4079437
365.6548666; -46.5019870; -22.3232485; 0.4283583; -0.1784690; 5.2918329; -2.3672463
365.8547872; -46.5816339; -22.1400995; 0.3917218; -0.1883692; 5.2016317; -2.3265489
366.0547079; -46.6542270; -21.9543807; 0.3531907; -0.1980168; 5.1114305; -2.2858515
366.2546285; -46.7193910; -21.7660720; 0.3128048; -0.2072116; 5.0212293; -2.2451541
366.4545492; -46.7767504; -21.5751537; 0.2706320; -0.2157282; 4.9310282; -2.2546599
366.6544698; -46.8259359; -21.3815799; 0.2267729; -0.2226815; 4.8387532; -2.6149146
366.8543905; -46.8666233; -21.1852956; 0.1819407; -0.2248761; 4.7294801; -2.5551878
367.0543111; -46.8984569; -20.9870911; 0.1364267; -0.2288250; 4.6202069; -2.4954610
367.2542318; -46.9211494; -20.7876281; 0.0899458; -0.2344905; 4.5109338; -2.4357342
367.4541524; -46.9344137; -20.5875684; 0.0422176; -0.2418384; 4.4016607; -2.3760074
367.6540731; -46.9379624; -20.3875737; -0.0070330; -0.2508260; 4.2923875; -2.3162806
367.8539937; -46.9315083; -20.1883058; -0.0580731; -0.2613876; 4.1831144; -2.2565538
368.0539144; -46.9147643; -19.9904264; -0.1111579; -0.2734170; 4.0738413; -1.0519360
368.2538350; -46.8868107; -19.7907813; -0.1672675; -0.2789553; 4.0218870; 0.4363491
368.4537557; -46.8468272; -19.5892237; -0.2243130; -0.2766241; 4.0435190; 0.4386897
368.6536763; -46.7958399; -19.3916283; -0.2807593; -0.2769821; 4.0651509; 0.4410304
368.8535970; -46.7343489; -19.1989117; -0.3370783; -0.2802799; 4.0867829; 0.4433710
369.0535176; -46.6628543; -19.0119905; -0.3937731; -0.2868088; 4.1084148; 0.4457116
369.2534383; -46.5818562; -18.8317815; -0.4513815; -0.2969180; 4.1300467; 0.4480523
369.4533589; -46.4918546; -18.6592011; -0.5104825; -0.3110250; 4.1516787; 0.5808869
369.6532796; -46.3925010; -18.4938474; -0.5722030; -0.3282578; 4.1795572; 1.8306865
369.8532002; -46.2763309; -18.3261581; -0.6396274; -0.3316745; 4.2662258; 1.8682587
370.0531209; -46.1510492; -18.1689744; -0.7061563; -0.3291945; 4.3528944; 1.9058308
370.2530415; -46.0170080; -18.0217925; -0.7709849; -0.3211025; 4.4395630; 1.9434029
370.4529622; -45.8745596; -17.8841086; -0.8333949; -0.3080918; 4.5262316; 1.9809750
370.6528828; -45.7240559; -17.7554191; -0.8927891; -0.2911345; 4.6129001; 2.0185472
370.8528035; -45.5658493; -17.6352200; -0.9487100; -0.2713254; 4.6995687; 2.0362229
371.0527241; -45.4030969; -17.5248074; -1.0000242; -0.2505815; 4.7854062; 2.0331177
371.2526447; -45.2392538; -17.4249448; -1.0461586; -0.2300710; 4.8696033; 2.0685776
371.4525654; -45.0691408; -17.3313499; -1.0887597; -0.2086837; 4.9538005; 2.1040375
371.6524860; -44.8928792; -17.2435381; -1.1277281; -0.1871419; 5.0379977; 2.1394974
371.8524067; -44.7105901; -17.1610246; -1.1630452; -0.1660108; 5.1221948; 2.1749573
372.0523273; -44.5223949; -17.0833247; -1.1947566; -0.1457003; 5.2063920; 2.2104171
372.2522480; -44.3284149; -17.0099536; -1.2229549; -0.1264813; 5.2905892; 2.2825799
372.4521686; -44.1332321; -16.9419214; -1.2472591; -0.1091300; 5.3761514; 2.4472860
372.6520893; -43.9486072; -16.8820882; -1.2671014; -0.0957158; 5.4664000; 2.4880263
372.8520099; -43.7602164; -16.8249109; -1.2847759; -0.0841300; 5.5566487; 2.5287666
373.0519306; -43.5686869; -16.7702525; -1.3005029; -0.0740280; 5.6468974; 2.5695069
373.2518512; -43.3746461; -16.7179758; -1.3144660; -0.0651251; 5.7371461; 2.6102471
373.4517719; -43.1787212; -16.6679435; -1.3268171; -0.0571834; 5.8273948; 2.6509874
373.6516925; -42.9815394; -16.6200187; -1.3376806; -0.0500003; 5.9176435; 2.6917277
373.8516132; -42.7837280; -16.5740640; -1.3471560; -0.0433995; 6.0078921; 2.9730132
374.0515338; -42.5856414; -16.5298833; -1.3553505; -0.0377659; 6.1060217; 3.4863184
374.2514545; -42.3874593; -16.4872753; -1.3625480; -0.0332325; 6.2191218; 3.5503018
374.4513751; -42.1898058; -16.4461691; -1.3687940; -0.0286294; 6.3322218; 3.6142853
374.6512958; -41.9927678; -16.4063751; -1.3740803; -0.0239487; 6.4453218; 3.6782687
374.8512164; -41.7964323; -16.3677034; -1.3783975; -0.0191808; 6.5584218; 3.7422522
375.0511371; -41.6008861; -16.3299643; -1.3817350; -0.0143146; 6.6715219; 3.8062357
375.2510577; -41.4062161; -16.2929680; -1.3840807; -0.0093372; 6.7846219; 3.8702191
375.4509784; -41.2125093; -16.2565249; -1.3854209; -0.0042347; 6.8977219; 4.0817683
375.6508990; -41.0163359; -16.2197919; -1.3858853; -0.0018698; 7.0150287; 4.3036571
375.8508197; -40.8176664; -16.1826738; -1.3863175; -0.0024090; 7.1366244; 4.3776140
376.0507403; -40.6199741; -16.1458376; -1.3868567; -0.0029554; 7.2582200; 4.4515709
376.2506610; -40.4231258; -16.1092795; -1.3875035; -0.0035060; 7.3798157; 4.5255278
376.4505816; -40.2269885; -16.0729955; -1.3882578; -0.0040574; 7.5014114; 4.5994847
376.6505023; -40.0314290; -16.0369817; -1.3891192; -0.0046066; 7.6230071; 4.6734416
376.8504229; -39.8363142; -16.0012344; -1.3900870; -0.0051501; 7.7446027; 4.7473985
377.0503436; -39.6415110; -15.9657496; -1.3911599; -0.0056847; 7.8661984; 4.5042888
377.2502642; -39.4446290; -15.9301108; -1.3922637; -0.0052782; 7.9798545; 4.5428278
377.4501849; -39.2477020; -15.8946786; -1.3932710; -0.0047897; 8.0928665; 4.6067117
377.6501055; -39.0508784; -15.8594596; -1.3941794; -0.0042956; 8.2058785; 4.6705956
377.8500262; -38.8541219; -15.8244270; -1.3949881; -0.0037968; 8.3188905; 4.7344794
378.0499468; -38.6573964; -15.7895538; -1.3956965; -0.0032942; 8.4319025; 4.7983633
378.2498675; -38.4606660; -15.7548133; -1.3963042; -0.0027887; 8.5449145; 4.8622472
378.4497881; -38.2638944; -15.7201785; -1.3968107; -0.0022812; 8.6579265; 4.7025266
378.6497088; -38.0671345; -15.6856384; -1.3972209; -0.0018897; 8.7658402; 4.4832650
378.8496294; -37.8703907; -15.6511779; -1.3975736; -0.0016421; 8.8674996; 4.5349586
379.0495500; -37.6735612; -15.6167690; -1.3978770; -0.0013951; 8.9691590; 4.5866523
379.2494707; -37.4766537; -15.5824031; -1.3981312; -0.0011487; 9.0708184; 4.6383459
379.4493913; -37.2796759; -15.5480714; -1.3983363; -0.0009029; 9.1724778; 4.6900396
379.6493120; -37.0826355; -15.5137656; -1.3984924; -0.0006575; 9.2741371; 4.7417333
379.8492326; -36.8855402; -15.4794769; -1.3985994; -0.0004125; 9.3757965; 4.7934269
380.0491533; -36.6883978; -15.4451967; -1.3986575; -0.0001679; 9.4774559; 4.4335640
380.2490739; -36.4915519; -15.4109763; -1.3986870; -0.0001355; 9.5705221; 4.4621460
380.4489946; -36.2946782; -15.3767565; -1.3987117; -0.0001108; 9.6632832; 4.5051863
380.6489152; -36.0977642; -15.3425342; -1.3987313; -0.0000860; 9.7560444; 4.5482265
380.8488359; -35.9008090; -15.3083082; -1.3987460; -0.0000613; 9.8488056; 4.5912668
381.0487565; -35.7038121; -15.2740775; -1.3987558; -0.0000366; 9.9415667; 4.6343070
381.2486772; -35.5067727; -15.2398408; -1.3987607; -0.0000119; 10.0343279; 4.6773473
381.4485978; -35.3096900; -15.2055972; -1.3987606; 0.0000128; 10.1270891; 4.5486434
381.6485185; -35.1127111; -15.1713710; -1.3987562; 0.0000237; 10.2164900; 4.3926199
381.8484391; -34.9158555; -15.1371654; -1.3987519; 0.0000192; 10.3020881; 4.4292696
382.0483598; -34.7189573; -15.1029515; -1.3987485; 0.0000146; 10.3876862; 4.4659193
382.2482804; -34.5220177; -15.0687299; -1.3987461; 0.0000101; 10.4732843; 4.5025690
382.4482011; -34.3250376; -15.0345009; -1.3987445; 0.0000056; 10.5588823; 4.5392187
382.6481217; -34.1280181; -15.0002647; -1.3987438; 0.0000010; 10.6444804; 4.5758684
382.8480424; -33.9309604; -14.9660219; -1.3987441; -0.0000035; 10.7300785; 4.6125181
383.0479630; -33.7338654; -14.9317728; -1.3987452; -0.0000080; 10.8156766; 4.3388568
383.2478837; -33.5369987; -14.8975636; -1.3987466; -0.0000059; 10.8955823; 4.3579417
383.4478043; -33.3401075; -14.8633504; -1.3987476; -0.0000036; 10.9752539; 4.3896922
383.6477250; -33.1431814; -14.8291312; -1.3987481; -0.0000013; 11.0549256; 4.4214426
383.8476456; -32.9462211; -14.7949062; -1.3987481; 0.0000010; 11.1345972; 4.4531930
384.0475663; -32.7492272; -14.7606753; -1.3987477; 0.0000033; 11.2142688; 4.4849435
384.2474869; -32.5522002; -14.7264385; -1.3987468; 0.0000056; 11.2939404; 4.5166939
384.4474076; -32.3551408; -14.6921959; -1.3987455; 0.0000079; 11.3736121; 4.4217437
384.6473282; -32.1581535; -14.6579654; -1.3987439; 0.0000047; 11.4510719; 4.2903558
384.8472489; -31.9612665; -14.6237523; -1.3987440; -0.0000054; 11.5257325; 4.3182379
385.0471695; -31.7643490; -14.5895340; -1.3987460; -0.0000155; 11.6003930; 4.3461200
385.2470902; -31.5674019; -14.5553113; -1.3987502; -0.0000256; 11.6750536; 4.3740021
385.4470108; -31.3704259; -14.5210845; -1.3987563; -0.0000357; 11.7497142; 4.4018841
385.6469315; -31.1734215; -14.4868543; -1.3987644; -0.0000457; 11.8243748; 4.4297662
385.8468521; -30.9763896; -14.4526211; -1.3987746; -0.0000558; 11.8990353; 4.4576483
386.0467728; -30.7793309; -14.4183855; -1.3987867; -0.0000659; 11.9736959; 0.5318603
386.2466934; -30.5824222; -14.3841788; -1.3988033; -0.0001020; 11.9825729; 0.1577447
386.4466141; -30.3855047; -14.3499748; -1.3988275; -0.0001405; 11.9852045; 0.1577793
386.6465347; -30.1885621; -14.3157720; -1.3988595; -0.0001790; 11.9878360; 0.1578139
386.8464554; -29.9915949; -14.2815723; -1.3988991; -0.0002175; 11.9904676; 0.1578486
387.0463760; -29.7946036; -14.2473772; -1.3989464; -0.0002560; 11.9930992; 0.1578832
387.2462966; -29.5975887; -14.2131884; -1.3990015; -0.0002944; 11.9957307; 0.1579179
387.4462173; -29.4005508; -14.1790075; -1.3990642; -0.0003329; 11.9983623; 0.0982710
387.6461379; -29.2035465; -14.1448460; -1.3991342; -0.0003617; 11.9999996; -0.0000000
387.8460586; -29.0066130; -14.1107114; -1.3992078; -0.0003748; 11.9999996; -0.0000000
388.0459792; -28.8096583; -14.0765883; -1.3992841; -0.0003879; 11.9999996; -0.0000000
388.2458999; -28.6126830; -14.0424773; -1.3993629; -0.0004011; 11.9999996; -0.0000000
388.4458205; -28.4156879; -14.0083792; -1.3994444; -0.0004142; 11.9999996; -0.0000000
388.6457412; -28.2186737; -13.9742946; -1.3995285; -0.0004273; 11.9999996; -0.0000000
388.8456618; -28.0216411; -13.9402242; -1.3996153; -0.0004404; 11.9999996; -0.0000000
389.0455825; -27.8245908; -13.9061685; -1.3997046; -0.0004535; 11.9999996; -0.0000000
389.2455031; -27.6276103; -13.8721433; -1.3997957; -0.0004553; 11.9999996; -0.0000000
389.4454238; -27.4306306; -13.8381367; -1.3998866; -0.0004549; 11.9999996; -0.0000000
389.6453444; -27.2336356; -13.8041458; -1.3999776; -0.0004546; 11.9999996; -0.0000000
389.8452651; -27.0366260; -13.7701709; -1.4000684; -0.0004542; 11.9999996; -0.0000000
390.0451857; -26.8396026; -13.7362121; -1.4001592; -0.0004538; 11.9999996; -0.0000000
390.2451064; -26.6425662; -13.7022694; -1.4002499; -0.0004535; 11.9999996; -0.0000000
390.4450270; -26.4455176; -13.6683430; -1.4003405; -0.0004531; 11.9999996; -0.0000000
390.6449477; -26.2484745; -13.6344359; -1.4004310; -0.0004494; 11.9999996; -0.0000000
390.8448683; -26.0514617; -13.6005522; -1.4005196; -0.0004376; 11.9999996; -0.0000000
391.0447890; -25.8544393; -13.5666846; -1.4006059; -0.0004257; 11.9999996; -0.0000000
391.2447096; -25.6574083; -13.5328329; -1.4006898; -0.0004139; 11.9999996; -0.0000000
391.4446303; -25.4603697; -13.4989965; -1.4007714; -0.0004020; 11.9999996; -0.0000000
391.6445509; -25.2633243; -13.4651754; -1.4008506; -0.0003902; 11.9999996; -0.0000000
391.8444716; -25.0662732; -13.4313690; -1.4009274; -0.0003784; 11.9999996; -0.0000000
392.0443922; -24.8692173; -13.3975772; -1.4010019; -0.0003666; 11.9999996; -0.0000000
392.2443129; -24.6721664; -13.3638011; -1.4010739; -0.0003538; 11.9999996; -0.0000000
392.4442335; -24.4751154; -13.3300394; -1.4011433; -0.0003407; 11.9999996; -0.0000000
392.6441542; -24.2780618; -13.2962910; -1.4012101; -0.0003276; 11.9999996; -0.0000000
392.8440748; -24.0810064; -13.2625556; -1.4012743; -0.0003144; 11.9999996; -0.0000000
393.0439955; -23.8839497; -13.2288327; -1.4013359; -0.0003013; 11.9999996; -0.0000000
393.2439161; -23.6868923; -13.1951219; -1.4013948; -0.0002882; 11.9999996; -0.0000000
393.4438368; -23.4898349; -13.1614228; -1.4014511; -0.0002751; 11.9999996; -0.0000000
393.6437574; -23.2927750; -13.1277345; -1.4015048; -0.0002635; 11.9999996; -0.0000000
393.8436781; -23.0957034; -13.0940548; -1.4015570; -0.0002581; 11.9999996; -0.0000000
394.0435987; -22.8986328; -13.0603858; -1.4016080; -0.0002528; 11.9999996; -0.0000000
394.2435194; -22.7015632; -13.0267272; -1.4016580; -0.0002474; 11.9999996; -0.0000000
394.4434400; -22.5044945; -12.9930788; -1.4017070; -0.0002420; 11.9999996; -0.0000000
394.6433607; -22.3074268; -12.9594403; -1.4017548; -0.0002366; 11.9999996; -0.0000000
394.8432813; -22.1103599; -12.9258116; -1.4018016; -0.0002312; 11.9999996; -0.0000000
395.0432020; -21.9132938; -12.8921924; -1.4018472; -0.0002258; 11.9999996; -0.0000000
395.2431226; -21.7162166; -12.8585805; -1.4018917; -0.0002176; 11.9999996; -0.0000000
395.4430432; -21.5191339; -12.8249764; -1.4019342; -0.0002079; 11.9999996; -0.0000000
395.6429639; -21.3220520; -12.7913810; -1.4019748; -0.0001983; 11.9999996; -0.0000000
395.8428845; -21.1249713; -12.7577937; -1.4020135; -0.0001886; 11.9999996; -0.0000000
396.0428052; -20.9278917; -12.7242143; -1.4020502; -0.0001789; 11.9999996; -0.0000000
396.2427258; -20.7308134; -12.6906424; -1.4020850; -0.0001692; 11.9999996; -0.0000000
396.4426465; -20.5337366; -12.6570776; -1.4021179; -0.0001595; 11.9999996; -0.0000000
396.6425671; -20.3366592; -12.6235191; -1.4021488; -0.0001501; 11.9999996; -0.0000000
396.8424878; -20.1395660; -12.5899641; -1.4021781; -0.0001431; 11.9999996; -0.0000000
397.0424084; -19.9424744; -12.5564151; -1.4022060; -0.0001361; 11.9999996; -0.0000000
397.2423291; -19.7453846; -12.5228720; -1.4022325; -0.0001291; 11.9999996; -0.0000000
397.4422497; -19.5482966; -12.4893343; -1.4022576; -0.0001221; 11.9999996; -0.0000000
397.6421704; -19.3512104; -12.4558020; -1.4022813; -0.0001151; 11.9999996; -0.0000000
397.8420910; -19.1541262; -12.4222746; -1.4023036; -0.0001080; 11.9999996; -0.0000000
398.0420117; -18.9570439; -12.3887520; -1.4023245; -0.0001010; 11.9999996; -0.0000000
398.2419323; -18.7599522; -12.3552318; -1.4023441; -0.0000950; 11.9999996; -0.0000000
398.4418530; -18.5628535; -12.3217143; -1.4023625; -0.0000898; 11.9999996; -0.0000000
398.6417736; -18.3657569; -12.2882009; -1.4023799; -0.0000845; 11.9999996; -0.0000000
398.8416943; -18.1686625; -12.2546912; -1.4023963; -0.0000792; 11.9999996; -0.0000000
399.0416149; -17.9715704; -12.2211851; -1.4024116; -0.0000740; 11.9999996; -0.0000000
399.2415356; -17.7744806; -12.1876824; -1.4024259; -0.0000687; 11.9999996; -0.0000000
399.4414562; -17.5773931; -12.1541829; -1.4024391; -0.0000635; 11.9999996; -0.0000000
399.6413769; -17.3803078; -12.1206863; -1.4024513; -0.0000583; 11.9999996; -0.0000000
399.8412975; -17.1832037; -12.0871889; -1.4024625; -0.0000543; 11.9999996; -0.0000000
400.0412182; -16.9861020; -12.0536941; -1.4024730; -0.0000504; 11.9999996; -0.0000000
400.2411388; -16.7890030; -12.0202018; -1.4024827; -0.0000464; 11.9999996; -0.0000000
400.4410595; -16.5919065; -11.9867119; -1.4024915; -0.0000424; 11.9999996; -0.0000000
400.6409801; -16.3948127; -11.9532241; -1.4024996; -0.0000385; 11.9999996; -0.0000000
400.8409008; -16.1977216; -11.9197383; -1.4025069; -0.0000345; 11.9999996; -0.0000000
401.0408214; -16.0006332; -11.8862544; -1.4025135; -0.0000306; 11.9999996; -0.0000000
401.2407421; -15.8035371; -11.8527704; -1.4025192; -0.0000267; 11.9999996; -0.0000000
401.4406627; -15.6064317; -11.8192859; -1.4025241; -0.0000230; 11.9999996; -0.0000000
401.6405834; -15.4093292; -11.7858028; -1.4025284; -0.0000193; 11.9999996; -0.0000000
401.8405040; -15.2122296; -11.7523210; -1.4025319; -0.0000155; 11.9999996; -0.0000000
402.0404247; -15.0151329; -11.7188404; -1.4025346; -0.0000118; 11.9999996; -0.0000000
402.2403453; -14.8180393; -11.6853607; -1.4025366; -0.0000081; 11.9999996; -0.0000000
402.4402660; -14.6209487; -11.6518819; -1.4025378; -0.0000043; 11.9999996; -0.0000000
402.6401866; -14.4238612; -11.6184038; -1.4025383; -0.0000006; 11.9999996; -0.0000000
402.8401073; -14.2267550; -11.5849225; -1.4025380; 0.0000040; 11.9999996; -0.0000000
403.0400279; -14.0296501; -11.5514413; -1.4025367; 0.0000087; 11.9999996; -0.0000000
403.2399485; -13.8325485; -11.5179603; -1.4025345; 0.0000134; 11.9999996; -0.0000000
403.4398692; -13.6354502; -11.4844793; -1.4025314; 0.0000180; 11.9999996; -0.0000000
403.6397898; -13.4383552; -11.4509981; -1.4025273; 0.0000227; 11.9999996; -0.0000000
403.8397105; -13.2412635; -11.4175166; -1.4025223; 0.0000274; 11.9999996; -0.0000000
404.0396311; -13.0441753; -11.3840346; -1.4025163; 0.0000321; 11.9999996; -0.0000000
404.2395518; -12.8470812; -11.3505502; -1.4025094; 0.0000376; 11.9999996; -0.0000000
404.4394724; -12.6499753; -11.3170624; -1.4025012; 0.0000444; 11.9999996; -0.0000000
404.6393931; -12.4528731; -11.2835733; -1.4024917; 0.0000512; 11.9999996; -0.0000000
404.8393137; -12.2557745; -11.2500828; -1.4024808; 0.0000580; 11.9999996; -0.0000000
405.0392344; -12.0586796; -11.2165906; -1.4024685; 0.0000648; 11.9999996; -0.0000000
405.2391550; -11.8615885; -11.1830964; -1.4024549; 0.0000716; 11.9999996; -0.0000000
405.4390757; -11.6645011; -11.1495999; -1.4024399; 0.0000784; 11.9999996; -0.0000000
405.6389963; -11.4674177; -11.1161009; -1.4024235; 0.0000853; 11.9999996; -0.0000000
405.8389170; -11.2703168; -11.0825955; -1.4024055; 0.0000947; 11.9999996; -0.0000000
406.0388376; -11.0732159; -11.0490862; -1.4023856; 0.0001047; 11.9999996; -0.0000000
406.2387583; -10.8761192; -11.0155734; -1.4023637; 0.0001147; 11.9999996; -0.0000000
406.4386789; -10.6790265; -10.9820567; -1.4023397; 0.0001247; 11.9999996; -0.0000000
406.6385996; -10.4819382; -10.9485356; -1.4023138; 0.0001347; 11.9999996; -0.0000000
406.8385202; -10.2848542; -10.9150098; -1.4022859; 0.0001447; 11.9999996; -0.0000000
407.0384409; -10.0877745; -10.8814788; -1.4022559; 0.0001547; 11.9999996; -0.0000000
407.2383615; -9.8906916; -10.8479411; -1.4022240; 0.0001659; 11.9999996; -0.0000000
407.4382822; -9.6935949; -10.8143942; -1.4021894; 0.0001797; 11.9999996; -0.0000000
407.6382028; -9.4965030; -10.7808409; -1.4021521; 0.0001935; 11.9999996; -0.0000000
407.8381235; -9.2994158; -10.7472805; -1.4021121; 0.0002073; 11.9999996; -0.0000000
408.0380441; -9.1023335; -10.7137126; -1.4020692; 0.0002211; 11.9999996; -0.0000000
408.2379648; -8.9052562; -10.6801366; -1.4020236; 0.0002349; 11.9999996; -0.0000000
408.4378854; -8.7081840; -10.6465519; -1.4019753; 0.0002488; 11.9999996; -0.0000000
408.6378061; -8.5111170; -10.6129580; -1.4019242; 0.0002626; 11.9999996; -0.0000000
408.8377267; -8.3140350; -10.5793509; -1.4018701; 0.0002792; 11.9999996; -0.0000000
409.0376474; -8.1169521; -10.5457323; -1.4018125; 0.0002967; 11.9999996; -0.0000000
409.2375680; -7.9198747; -10.5121026; -1.4017514; 0.0003143; 11.9999996; -0.0000000
409.4374887; -7.7228030; -10.4784611; -1.4016869; 0.0003318; 11.9999996; -0.0000000
409.6374093; -7.5257371; -10.4448072; -1.4016188; 0.0003494; 11.9999996; -0.0000000
409.8373300; -7.3286771; -10.4111402; -1.4015472; 0.0003669; 11.9999996; -0.0000000
410.0372506; -7.1316232; -10.3774592; -1.4014721; 0.0003844; 11.9999996; -0.0000000
410.2371713; -6.9345694; -10.3437628; -1.4013935; 0.0004025; 11.9999996; -0.0000000
410.4370919; -6.7375008; -10.3100474; -1.4013110; 0.0004225; 11.9999996; -0.0000000
410.6370126; -6.5404387; -10.2763161; -1.4012245; 0.0004424; 11.9999996; -0.0000000
410.8369332; -6.3433832; -10.2425679; -1.4011341; 0.0004624; 11.9999996; -0.0000000
411.0368539; -6.1463344; -10.2088022; -1.4010397; 0.0004823; 11.9999996; -0.0000000
411.2367745; -5.9492926; -10.1750180; -1.4009412; 0.0005023; 11.9999996; -0.0000000
411.4366951; -5.7522577; -10.1412147; -1.4008388; 0.0005222; 11.9999996; -0.0000000
411.6366158; -5.5552301; -10.1073915; -1.4007324; 0.0005422; 11.9999996; -0.0000000
411.8365364; -5.3581909; -10.0735443; -1.4006221; 0.0005618; 11.9999996; -0.0000000
412.0364571; -5.1611504; -10.0396740; -1.4005078; 0.0005812; 11.9999996; -0.0000000
412.2363777; -4.9641176; -10.0057816; -1.4003896; 0.0006006; 11.9999996; -0.0000000
412.4362984; -4.7670926; -9.9718661; -1.4002676; 0.0006201; 11.9999996; -0.0000000
412.6362190; -4.5700754; -9.9379268; -1.4001417; 0.0006395; 11.9999996; -0.0000000
412.8361397; -4.3730662; -9.9039629; -1.4000119; 0.0006589; 11.9999996; -0.0000000
413.0360603; -4.1760652; -9.8699738; -1.3998783; 0.0006783; 11.9999996; -0.0000000
413.2359810; -3.9790683; -9.8359578; -1.3997407; 0.0006970; 11.9999996; -0.0000000
413.4359016; -3.7820562; -9.8019110; -1.3996000; 0.0007109; 11.9999996; -0.0000000
413.6358223; -3.5850527; -9.7678368; -1.3994565; 0.0007248; 11.9999996; -0.0000000
413.8357429; -3.3880577; -9.7337347; -1.3993102; 0.0007387; 11.9999996; -0.0000000
414.0356636; -3.1910716; -9.6996041; -1.3991611; 0.0007526; 11.9999996; -0.0000000
414.2355842; -2.9940942; -9.6654446; -1.3990093; 0.0007665; 11.9999996; -0.0000000
414.4355049; -2.7971259; -9.6312555; -1.3988546; 0.0007804; 11.9999996; -0.0000000
414.6354255; -2.6001665; -9.5970363; -1.3986972; 0.0007943; 11.9999996; -0.0000000
414.8353462; -2.4031992; -9.5627836; -1.3985374; 0.0008019; 11.9999996; -0.0000000
415.0352668; -2.2062302; -9.5284980; -1.3983768; 0.0008055; 11.9999996; -0.0000000
415.2351875; -2.0092705; -9.4941813; -1.3982153; 0.0008091; 11.9999996; -0.0000000
415.4351081; -1.8123200; -9.4598335; -1.3980532; 0.0008127; 11.9999996; -0.0000000
415.6350288; -1.6153789; -9.4254543; -1.3978904; 0.0008163; 11.9999996; -0.0000000
415.8349494; -1.4184471; -9.3910436; -1.3977268; 0.0008199; 11.9999996; -0.0000000
416.0348701; -1.2215247; -9.3566012; -1.3975626; 0.0008235; 11.9999996; -0.0000000
416.2347907; -1.0246094; -9.3221268; -1.3973976; 0.0008263; 11.9999996; -0.0000000
416.4347114; -0.8276777; -9.2876159; -1.3972331; 0.0008191; 11.9999996; -0.0000000
416.6346320; -0.6307554; -9.2530735; -1.3970700; 0.0008120; 11.9999996; -0.0000000
416.8345527; -0.4338425; -9.2184998; -1.3969084; 0.0008049; 11.9999996; -0.0000000
417.0344733; -0.2369388; -9.1838950; -1.3967482; 0.0007977; 11.9999996; -0.0000000
417.2343940; -0.0400444; -9.1492595; -1.3965895; 0.0007906; 11.9999996; -0.0000000
417.4343146; 0.1568409; -9.1145935; -1.3964321; 0.0007835; 11.9999996; -0.0000000
417.6342353; 0.3537170; -9.0798973; -1.3962762; 0.0007763; 11.9999996; -0.0000000
417.8341559; 0.5505992; -9.0451686; -1.3961220; 0.0007646; 11.9999996; -0.0000000
418.0340766; 0.7474850; -9.0104082; -1.3959706; 0.0007491; 11.9999996; -0.0000000
418.2339972; 0.9443620; -8.9756189; -1.3958224; 0.0007336; 11.9999996; -0.0000000
418.4339179; 1.1412302; -8.9408014; -1.3956773; 0.0007181; 11.9999996; -0.0000000
418.6338385; 1.3380897; -8.9059563; -1.3955353; 0.0007026; 11.9999996; -0.0000000
418.8337592; 1.5349406; -8.8710842; -1.3953963; 0.0006871; 11.9999996; -0.0000000
419.0336798; 1.7317831; -8.8361858; -1.3952605; 0.0006716; 11.9999996; -0.0000000
419.2336005; 1.9286176; -8.8012614; -1.3951278; 0.0006560; 11.9999996; -0.0000000
419.4335211; 2.1254708; -8.7663072; -1.3949991; 0.0006310; 11.9999996; -0.0000000
419.6334417; 2.3223159; -8.7313288; -1.3948755; 0.0006060; 11.9999996; -0.0000000
419.8333624; 2.5191533; -8.6963272; -1.3947568; 0.0005810; 11.9999996; -0.0000000
420.0332830; 2.7159830; -8.6613033; -1.3946432; 0.0005559; 11.9999996; -0.0000000
420.2332037; 2.9128053; -8.6262582; -1.3945346; 0.0005309; 11.9999996; -0.0000000
420.4331243; 3.1096203; -8.5911929; -1.3944309; 0.0005059; 11.9999996; -0.0000000
420.6330450; 3.3064283; -8.5561082; -1.3943323; 0.0004809; 11.9999996; 0.0000000
420.8329656; 3.5032422; -8.5210030; -1.3942386; 0.0004563; 11.9999996; 0.0000000
421.0328863; 3.7000630; -8.4858780; -1.3941498; 0.0004323; 11.9999996; 0.0000000
421.2328069; 3.8968774; -8.4507366; -1.3940657; 0.0004083; 11.9999996; 0.0000000
421.4327276; 4.0936854; -8.4155798; -1.3939865; 0.0003843; 11.9999996; 0.0000000
421.6326482; 4.2904871; -8.3804085; -1.3939121; 0.0003603; 11.9999996; 0.0000000
421.8325689; 4.4872829; -8.3452236; -1.3938424; 0.0003363; 11.9999996; 0.0000000
422.0324895; 4.6840728; -8.3100262; -1.3937776; 0.0003123; 11.9999996; 0.0000000
422.2324102; 4.8808569; -8.2748170; -1.3937176; 0.0002883; 11.9999996; 0.0000000
422.4323308; 5.0776582; -8.2395931; -1.3936619; 0.0002692; 11.9999996; 0.0000000
422.6322515; 5.2744553; -8.2043590; -1.3936099; 0.0002504; 11.9999996; 0.0000000
422.8321721; 5.4712478; -8.1691155; -1.3935618; 0.0002316; 11.9999996; 0.0000000
423.0320928; 5.6680360; -8.1338635; -1.3935173; 0.0002127; 11.9999996; 0.0000000
423.2320134; 5.8648203; -8.0986034; -1.3934767; 0.0001939; 11.9999996; 0.0000000
423.4319341; 6.0616012; -8.0633361; -1.3934398; 0.0001751; 11.9999996; 0.0000000
423.6318547; 6.2583791; -8.0280623; -1.3934067; 0.0001562; 11.9999996; 0.0000000
423.8317754; 6.4551571; -7.9927821; -1.3933790; 0.0000986; 11.9999996; 0.0000000
424.0316960; 6.6519370; -7.9574977; -1.3933703; -0.0000117; 11.9999996; 0.0000000
424.2316167; 6.8487166; -7.9222138; -1.3933837; -0.0001220; 11.9999996; 0.0000000
424.4315373; 7.0454974; -7.8869347; -1.3934191; -0.0002323; 11.9999996; 0.0000000
424.6314580; 7.2422808; -7.8516645; -1.3934765; -0.0003427; 11.9999996; 0.0000000
424.8313786; 7.4390684; -7.8164075; -1.3935561; -0.0004530; 11.9999996; 0.0000000
425.0312993; 7.6358615; -7.7811679; -1.3936577; -0.0005633; 11.9999996; 0.0000000
425.2312199; 7.8326616; -7.7459499; -1.3937813; -0.0006736; 11.9999996; 0.0000000
425.4311406; 8.0294471; -7.7107618; -1.3939258; -0.0007710; 11.9999996; 0.0000000
425.6310612; 8.2262395; -7.6756038; -1.3940896; -0.0008670; 11.9999996; 0.0000000
425.8309819; 8.4230424; -7.6404791; -1.3942725; -0.0009630; 11.9999996; 0.0000000
426.0309025; 8.6198570; -7.6053914; -1.3944746; -0.0010589; 11.9999996; 0.0000000
426.2308232; 8.8166843; -7.5703444; -1.3946959; -0.0011548; 11.9999996; 0.0000000
426.4307438; 9.0135253; -7.5353419; -1.3949363; -0.0012507; 11.9999996; 0.0000000
426.6306645; 9.2103811; -7.5003875; -1.3951960; -0.0013466; 11.9999996; 0.0000000
426.8305851; 9.4072342; -7.4654883; -1.3954751; -0.0014506; 11.9999996; 0.0000000
427.0305058; 9.6040719; -7.4306507; -1.3957769; -0.0015687; 11.9999996; 0.0000000
427.2304264; 9.8009278; -7.3958736; -1.3961023; -0.0016868; 11.9999996; 0.0000000
427.4303470; 9.9978031; -7.3611615; -1.3964513; -0.0018049; 11.9999996; 0.0000000
427.6302677; 10.1946992; -7.3265189; -1.3968239; -0.0019229; 11.9999996; 0.0000000
427.8301883; 10.3916173; -7.2919506; -1.3972202; -0.0020409; 11.9999996; 0.0000000
428.0301090; 10.5885585; -7.2574610; -1.3976400; -0.0021588; 11.9999996; 0.0000000
428.2300296; 10.7855242; -7.2230547; -1.3980834; -0.0022767; 11.9999996; 0.0000000
428.4299503; 10.9824522; -7.1887475; -1.3985517; -0.0024115; 11.9999996; 0.0000000
428.6298709; 11.1793945; -7.1545356; -1.3990476; -0.0025497; 11.9999996; 0.0000000
428.8297916; 11.3763652; -7.1204222; -1.3995711; -0.0026877; 11.9999996; 0.0000000
429.0297122; 11.5733655; -7.0864126; -1.4001222; -0.0028257; 11.9999996; 0.0000000
429.2296329; 11.7703968; -7.0525123; -1.4007009; -0.0029637; 11.9999996; 0.0000000
429.4295535; 11.9674605; -7.0187267; -1.4013073; -0.0031015; 11.9999996; 0.0000000
429.6294742; 12.1645578; -6.9850611; -1.4019412; -0.0032393; 11.9999996; 0.0000000
429.8293948; 12.3616597; -6.9515261; -1.4026027; -0.0033792; 11.9999996; 0.0000000
430.0293155; 12.5587263; -6.9181340; -1.4032926; -0.0035241; 11.9999996; 0.0000000
430.2292361; 12.7558305; -6.8848784; -1.4040115; -0.0036689; 11.9999996; 0.0000000
430.4291568; 12.9529736; -6.8517650; -1.4047594; -0.0038135; 11.9999996; 0.0000000
430.6290774; 13.1501570; -6.8187993; -1.4055362; -0.0039582; 11.9999996; 0.0000000
430.8289981; 13.3473818; -6.7859871; -1.4063421; -0.0041027; 11.9999996; 0.0000000
431.0289187; 13.5446495; -6.7533340; -1.4071768; -0.0042471; 11.9999996; 0.0000000
431.2288394; 13.7419614; -6.7208458; -1.4080405; -0.0043914; 11.9999996; 0.0000000
431.4287600; 13.9392205; -6.6885439; -1.4089303; -0.0045034; 11.9999996; 0.0000000
431.6286807; 14.1364950; -6.6564219; -1.4098406; -0.0046051; 11.9999996; 0.0000000
431.8286013; 14.3338170; -6.6244785; -1.4107712; -0.0047067; 11.9999996; 0.0000000
432.0285220; 14.5311875; -6.5927179; -1.4117223; -0.0048082; 11.9999996; 0.0000000
432.2284426; 14.7286074; -6.5611439; -1.4126938; -0.0049097; 11.9999996; 0.0000000
432.4283633; 14.9260778; -6.5297606; -1.4136856; -0.0050110; 11.9999996; 0.0000000
432.6282839; 15.1235997; -6.4985720; -1.4146977; -0.0051122; 11.9999996; 0.0000000
432.8282046; 15.3211401; -6.4675875; -1.4157296; -0.0051925; 11.9999996; -0.0000000
433.0281252; 15.5186106; -6.4368235; -1.4167678; -0.0051972; 11.9999996; -0.0000000
433.2280459; 15.7161344; -6.4062614; -1.4178071; -0.0052018; 11.9999996; -0.0000000
433.4279665; 15.9137116; -6.3759014; -1.4188473; -0.0052064; 11.9999996; -0.0000000
433.6278872; 16.1113425; -6.3457436; -1.4198887; -0.0052109; 11.9999996; -0.0000000
433.8278078; 16.3090270; -6.3157883; -1.4209310; -0.0052155; 11.9999996; -0.0000000
434.0277285; 16.5067655; -6.2860358; -1.4219743; -0.0052200; 11.9999996; -0.0000000
434.2276491; 16.7045579; -6.2564863; -1.4230187; -0.0052244; 11.9999996; -0.0000000
434.4275698; 16.9022816; -6.2271578; -1.4240564; -0.0051224; 11.9999996; -0.0000000
434.6274904; 17.0999979; -6.1980372; -1.4250645; -0.0049670; 11.9999996; -0.0000000
434.8274111; 17.2977682; -6.1691092; -1.4260418; -0.0048117; 11.9999996; -0.0000000
435.0273317; 17.4955926; -6.1403677; -1.4269881; -0.0046564; 11.9999996; -0.0000000
435.2272524; 17.6934711; -6.1118063; -1.4279036; -0.0045010; 11.9999996; -0.0000000
435.4271730; 17.8914035; -6.0834190; -1.4287881; -0.0043457; 11.9999996; -0.0000000
435.6270936; 18.0893900; -6.0551995; -1.4296416; -0.0041905; 11.9999996; 0.0000000
435.8270143; 18.2874065; -6.0271450; -1.4304639; -0.0040066; 11.9999996; 0.0000003
436.0269349; 18.4852826; -5.9992708; -1.4312230; -0.0035911; 11.9999996; 0.0000003
436.2268556; 18.6832089; -5.9715344; -1.4318992; -0.0031759; 11.9999996; 0.0000003
436.4267762; 18.8811819; -5.9439196; -1.4324926; -0.0027612; 11.9999996; 0.0000003
436.6266969; 19.0791984; -5.9164101; -1.4330031; -0.0023467; 11.9999996; 0.0000003
436.8266175; 19.2772551; -5.8889898; -1.4334309; -0.0019327; 11.9999996; 0.0000003
437.0265382; 19.4753484; -5.8616424; -1.4337760; -0.0015189; 11.9999997; 0.0000003
437.2264588; 19.6734752; -5.8343517; -1.4340385; -0.0011054; 11.9999997; -4.0329626
437.4263795; 19.8714939; -5.8071209; -1.4342287; -0.0008855; 11.9326211; -7.3396101
437.6263001; 20.0694291; -5.7799375; -1.4343997; -0.0008268; 11.8090121; -7.2631839
437.8262208; 20.2674030; -5.7527820; -1.4345591; -0.0007681; 11.6854031; -7.1867576
438.0261414; 20.4654221; -5.7256514; -1.4347067; -0.0007093; 11.5617942; -7.1103314
438.2260621; 20.6634930; -5.6985423; -1.4348426; -0.0006504; 11.4381852; -7.0339052
438.4259827; 20.8616222; -5.6714514; -1.4349668; -0.0005916; 11.3145762; -6.9574790
438.6259034; 21.0598164; -5.6443755; -1.4350793; -0.0005328; 11.1909672; -6.8810527
438.8258240; 21.2580821; -5.6173114; -1.4351800; -0.0004740; 11.0673582; -7.8117231
439.0257447; 21.4560220; -5.5902964; -1.4350468; 0.0018743; 10.9253361; -7.7410511
439.2256653; 21.6540051; -5.5632000; -1.4344310; 0.0042887; 10.7827537; -7.6393620
439.4255860; 21.8520200; -5.5359263; -1.4333326; 0.0067007; 10.6401712; -7.5376729
439.6255066; 22.0500435; -5.5083811; -1.4317520; 0.0091112; 10.4975888; -7.4359838
439.8254273; 22.2480522; -5.4804701; -1.4296891; 0.0115213; 10.3550064; -7.3342948
440.0253479; 22.4460227; -5.4520992; -1.4271439; 0.0139318; 10.2124240; -7.2326057
440.2252686; 22.6439316; -5.4231741; -1.4241162; 0.0163436; 10.0698416; -6.9862804
440.4251892; 22.8417900; -5.3935955; -1.4206074; 0.0186964; 9.9301715; -6.6560472
440.6251099; 23.0395892; -5.3632689; -1.4166400; 0.0209577; 9.7952511; -6.5649934
440.8250305; 23.2372327; -5.3321174; -1.4122195; 0.0232308; 9.6603306; -6.4739397
441.0249512; 23.4346799; -5.3000557; -1.4073441; 0.0255176; 9.5254102; -6.3828860
441.2248718; 23.6318900; -5.2669985; -1.4020117; 0.0278199; 9.3904898; -6.2918322
441.4247925; 23.8288224; -5.2328607; -1.3962199; 0.0301393; 9.2555693; -6.2007785
441.6247131; 24.0254363; -5.1975572; -1.3899661; 0.0324771; 9.1206489; -6.1097247
441.8246338; 24.2216910; -5.1610027; -1.3832478; 0.0348343; 8.9857285; -5.8961799
442.0245544; 24.4183164; -5.1229602; -1.3760348; 0.0371951; 8.8535744; -5.7773620
442.2244751; 24.6147025; -5.0834439; -1.3683464; 0.0395681; 8.7221415; -5.6909547
442.4243957; 24.8106129; -5.0424055; -1.3601876; 0.0419567; 8.5907085; -5.6045473
442.6243164; 25.0060124; -4.9997588; -1.3515562; 0.0443599; 8.4592756; -5.5181399
442.8242370; 25.2008656; -4.9554173; -1.3424503; 0.0467764; 8.3278427; -5.4317326
443.0241577; 25.3951371; -4.9092949; -1.3328681; 0.0492044; 8.1964097; -5.3453252
443.2240783; 25.5887916; -4.8613051; -1.3228083; 0.0516415; 8.0649768; -5.2190930
443.4239990; 25.7820792; -4.8112862; -1.3122507; 0.0542078; 7.9345474; -5.0124765
443.6239196; 25.9755503; -4.7589732; -1.3010894; 0.0571763; 7.8072304; -4.9313963
443.8238402; 26.1682539; -4.7044915; -1.2893397; 0.0601745; 7.6799135; -4.8503161
444.0237609; 26.3601255; -4.6477405; -1.2769972; 0.0631999; 7.5525965; -4.7692359
444.2236815; 26.5511005; -4.5886194; -1.2640580; 0.0662491; 7.4252796; -4.6881557
444.4236022; 26.7411144; -4.5270276; -1.2505187; 0.0693174; 7.2979626; -4.6070755
444.6235228; 26.9301028; -4.4628646; -1.2363767; 0.0723994; 7.1706457; -4.5259953
444.8234435; 27.1180012; -4.3960295; -1.2216300; 0.0754881; 7.0433287; -4.5810331
445.0233641; 27.3047732; -4.3264140; -1.2063292; 0.0778346; 6.9120759; -4.5417638
445.2232848; 27.4904027; -4.2539259; -1.1906206; 0.0797904; 6.7794401; -4.4537677
445.4232054; 27.6749101; -4.1784734; -1.1745335; 0.0815843; 6.6468044; -4.3657715
445.6231261; 27.8583241; -4.0999618; -1.1580918; 0.0832030; 6.5141686; -4.2777754
445.8230467; 28.0406731; -4.0182965; -1.1413213; 0.0846345; 6.3815328; -4.1897792
446.0229674; 28.2219857; -3.9333828; -1.1242494; 0.0858679; 6.2488971; -4.1017831
446.2228880; 28.4022905; -3.8451259; -1.1069049; 0.0868941; 6.1162613; -3.9776654
446.4228087; 28.5817777; -3.7533466; -1.0892935; 0.0880735; 5.9848323; -3.7777098
446.6227293; 28.7606269; -3.6578307; -1.0711581; 0.0909836; 5.8572803; -3.6963301
446.8226500; 28.9377218; -3.5590060; -1.0523215; 0.0949629; 5.7297284; -3.6149503
447.0225706; 29.1124245; -3.4570568; -1.0326134; 0.1001075; 5.6021765; -3.5335705
447.2224913; 29.2840970; -3.3521676; -1.0118488; 0.1065555; 5.4746245; -3.4521908
447.4224119; 29.4521016; -3.2445226; -0.9898231; 0.1144930; 5.3470726; -3.3708110
447.6223326; 29.6158001; -3.1343064; -0.9663066; 0.1241633; 5.2195206; -3.2894312
447.8222532; 29.7745547; -3.0217032; -0.9410384; 0.1358787; 5.0919687; -2.8725199
448.0221739; 29.9370800; -2.8996439; -0.9115617; 0.1554979; 4.9779105; -2.7057136
448.2220945; 30.0958731; -2.7723358; -0.8777176; 0.1770573; 4.8680322; -2.6453233
448.4220152; 30.2478954; -2.6412572; -0.8400743; 0.1978224; 4.7581538; -2.5849331
448.6219358; 30.3931077; -2.5057012; -0.7988470; 0.2168848; 4.6482754; -2.5245429
448.8218565; 30.5314703; -2.3649606; -0.7543706; 0.2332688; 4.5383971; -2.4641526
449.0217771; 30.6629440; -2.2183285; -0.7071024; 0.2460306; 4.4285187; -2.4037624
449.2216978; 30.7874894; -2.0650978; -0.6576129; 0.2543793; 4.3186404; -3.8313192
449.4216184; 30.9040812; -1.9056541; -0.6035557; 0.2992220; 4.1374793; -3.9141392
449.6215391; 31.0113624; -1.7390473; -0.5387671; 0.3553163; 3.9438180; -3.7265412
449.8214597; 31.1067580; -1.5650675; -0.4623424; 0.4153163; 3.7501567; -3.5389433
450.0213804; 31.1875589; -1.3836768; -0.3737684; 0.4762431; 3.5564954; -3.3513454
450.2213010; 31.2510561; -1.1948374; -0.2731093; 0.5323207; 3.3628341; -3.1637475
450.4212217; 31.2945404; -0.9985114; -0.1613920; 0.5751629; 3.1691728; -2.9761496
450.6211423; 31.3153030; -0.7946610; -0.0409095; 0.5956135; 2.9755116; 1.1348882
450.8210630; 31.3128163; -0.6064539; 0.0645659; 0.5161394; 3.0508104; 1.7017118
451.0209836; 31.2916150; -0.4167567; 0.1556447; 0.4409235; 3.1603574; 1.7617383
451.2209043; 31.2532729; -0.2244589; 0.2360336; 0.3815847; 3.2699044; 1.8217648
451.4208249; 31.1992510; -0.0312825; 0.3078294; 0.3364693; 3.3794513; 1.8817913
451.6207455; 31.1310102; 0.1610504; 0.3729519; 0.3035815; 3.4889983; 1.9418178
451.8206662; 31.0500116; 0.3508180; 0.4331200; 0.2812169; 3.5985453; 2.0018443
452.0205868; 30.9577162; 0.5362982; 0.4898867; 0.2682171; 3.7080923; 2.0618709
452.2205075; 30.8555850; 0.7157691; 0.5447005; 0.2640795; 3.8176392; 1.2595109
452.4204281; 30.7418477; 0.8922935; 0.5999750; 0.2624135; 3.8830367; 1.2513134
452.6203488; 30.6200185; 1.0603753; 0.6543936; 0.2620703; 3.9469356; 1.2717368
452.8202694; 30.4910338; 1.2194672; 0.7081846; 0.2634623; 4.0108345; 1.2921603
453.0201901; 30.3557309; 1.3691845; 0.7616677; 0.2669272; 4.0747334; 1.3125838
453.2201107; 30.2149475; 1.5091424; 0.8152045; 0.2728399; 4.1386324; 1.3330072
453.4200314; 30.0695210; 1.6389565; 0.8692014; 0.2816334; 4.2025313; 1.3534307
453.6199520; 29.9202891; 1.7582419; 0.9241153; 0.2938234; 4.2664302; 1.2830590
453.8198727; 29.7634803; 1.8696974; 0.9821404; 0.3089119; 4.3261353; 1.0454719
454.0197933; 29.5909758; 1.9771059; 1.0459476; 0.3176793; 4.3741821; 1.0570190
454.2197140; 29.4150560; 2.0716267; 1.1095862; 0.3181082; 4.4222290; 1.0685661
454.4196346; 29.2353262; 2.1540445; 1.1718325; 0.3100182; 4.4702758; 1.0801131
454.6195553; 29.0513914; 2.2251437; 1.2315284; 0.2941414; 4.5183227; 1.0916602
454.8194759; 28.8628569; 2.2857090; 1.2876714; 0.2719397; 4.5663695; 1.1032073
455.0193966; 28.6693276; 2.3365248; 1.3394748; 0.2452849; 4.6144164; 1.3958092
455.2193172; 28.4754385; 2.3774347; 1.3852906; 0.2171149; 4.6744990; 1.9525607
455.4192379; 28.2861117; 2.4090555; 1.4245263; 0.1921971; 4.7572739; 1.9868327
455.6191585; 28.0925818; 2.4340157; 1.4598116; 0.1699220; 4.8400489; 2.0211048
455.8190792; 27.8953399; 2.4527759; 1.4914707; 0.1500714; 4.9228238; 2.0553768
456.0189998; 27.6948776; 2.4657967; 1.5198046; 0.1323866; 5.0055987; 2.0896489
456.2189205; 27.4916860; 2.4735387; 1.5450864; 0.1165971; 5.0883737; 2.1239209
456.4188411; 27.2862566; 2.4764623; 1.5675593; 0.1024377; 5.1711486; 2.1581930
456.6187618; 27.0790807; 2.4750283; 1.5874354; 0.0896568; 5.2539235; 2.9228838
456.8186824; 26.8792567; 2.4699945; 1.6041116; 0.0772085; 5.3639913; 3.0732498
457.0186031; 26.6796502; 2.4618803; 1.6183451; 0.0654053; 5.4773364; 3.1375109
457.2185237; 26.4795458; 2.4511197; 1.6303188; 0.0541846; 5.5906816; 3.2017720
457.4184444; 26.2792584; 2.4381639; 1.6401054; 0.0433984; 5.7040268; 3.2660332
457.6183650; 26.0791028; 2.4234640; 1.6477582; 0.0328980; 5.8173719; 3.3302943
457.8182857; 25.8793940; 2.4074710; 1.6533103; 0.0225314; 5.9307171; 3.3945555
458.0182063; 25.6804469; 2.3906361; 1.6567741; 0.0121417; 6.0440623; 3.4981990
458.2181270; 25.4821232; 2.3733708; 1.6581487; 0.0024482; 6.1586860; 4.0403201
458.4180476; 25.2797660; 2.3555940; 1.6587142; 0.0031231; 6.2884736; 4.1245776
458.6179683; 25.0786961; 2.3378021; 1.6594137; 0.0038098; 6.4182612; 4.2088352
458.8178889; 24.8787636; 2.3199564; 1.6602480; 0.0045038; 6.5480488; 4.2930927
459.0178096; 24.6798188; 2.3020179; 1.6612172; 0.0052008; 6.6778364; 4.3773502
459.2177302; 24.4817118; 2.2839480; 1.6623209; 0.0058959; 6.8076240; 4.4616077
459.4176509; 24.2842928; 2.2657078; 1.6635582; 0.0065843; 6.9374116; 4.5458653
459.6175715; 24.0874119; 2.2472585; 1.6649273; 0.0072611; 7.0671991; 4.5399045
459.8174921; 23.8893913; 2.2284160; 1.6663976; 0.0070957; 7.1944802; 4.5242280
460.0174128; 23.6900526; 2.2091647; 1.6677136; 0.0060448; 7.3191200; 4.6019343
460.2173334; 23.4909515; 2.1896933; 1.6688167; 0.0049818; 7.4437599; 4.6796406
460.4172541; 23.2920318; 2.1700396; 1.6697055; 0.0039093; 7.5683998; 4.7573469
460.6171747; 23.0932370; 2.1502414; 1.6703788; 0.0028297; 7.6930396; 4.8350532
460.8170954; 22.8945110; 2.1303366; 1.6708357; 0.0017456; 7.8176795; 4.9127595
461.0170160; 22.6957974; 2.1103631; 1.6710759; 0.0006595; 7.9423194; 4.9813607
461.2169367; 22.4970443; 2.0903592; 1.6710992; -0.0004058; 8.0667336; 4.4773060
461.4168573; 22.2984844; 2.0703828; 1.6710390; -0.0001981; 8.1769433; 4.5380611
461.6167780; 22.0998216; 2.0504039; 1.6710201; 0.0000092; 8.2871531; 4.5988161
461.8166986; 21.9010520; 2.0304139; 1.6710426; 0.0002159; 8.3973629; 4.6595712
462.0166193; 21.7021719; 2.0104042; 1.6711064; 0.0004220; 8.5075726; 4.7203263
462.2165399; 21.5031776; 1.9903659; 1.6712113; 0.0006275; 8.6177824; 4.7810813
462.4164606; 21.3040651; 1.9702906; 1.6713574; 0.0008323; 8.7279922; 4.8418364
462.6163812; 21.1048308; 1.9501694; 1.6715445; 0.0010363; 8.8382019; 4.6388999
462.8163019; 20.9059379; 1.9300415; 1.6717609; 0.0010318; 8.9425185; 4.4601960
463.0162225; 20.7073302; 1.9099013; 1.6719483; 0.0008459; 9.0416817; 4.5093822
463.2161432; 20.5086062; 1.8897154; 1.6720988; 0.0006606; 9.1408449; 4.5585684
463.4160638; 20.3097721; 1.8694918; 1.6722124; 0.0004760; 9.2400081; 4.6077546
463.6159845; 20.1108346; 1.8492385; 1.6722891; 0.0002919; 9.3391713; 4.6569408
463.8159051; 19.9117999; 1.8289637; 1.6723292; 0.0001084; 9.4383344; 4.7061270
464.0158258; 19.7126747; 1.8086752; 1.6723325; -0.0000748; 9.5374976; 4.7477473
464.2157464; 19.5134764; 1.7883823; 1.6722993; -0.0002535; 9.6365038; 4.3883451
464.4156671; 19.3147983; 1.7681512; 1.6722524; -0.0002162; 9.7271192; 4.4294171
464.6155877; 19.1160467; 1.7479212; 1.6722129; -0.0001791; 9.8177346; 4.4704891
464.8155084; 18.9172255; 1.7276914; 1.6721808; -0.0001420; 9.9083499; 4.5115612
465.0154290; 18.7183384; 1.7074606; 1.6721561; -0.0001050; 9.9989653; 4.5526332
465.2153497; 18.5193893; 1.6872277; 1.6721388; -0.0000681; 10.0895806; 4.5937052
465.4152703; 18.3203820; 1.6669916; 1.6721289; -0.0000312; 10.1801960; 4.6347772
465.6151910; 18.1213203; 1.6467512; 1.6721263; 0.0000056; 10.2708113; 4.5056725
465.8151116; 17.9223798; 1.6265229; 1.6721303; 0.0000259; 10.3581427; 4.3581073
466.0150323; 17.7235789; 1.6063079; 1.6721357; 0.0000283; 10.4419189; 4.3932135
466.2149529; 17.5247365; 1.5860875; 1.6721416; 0.0000306; 10.5256952; 4.4283197
466.4148736; 17.3258571; 1.5658620; 1.6721480; 0.0000330; 10.6094714; 4.4634260
466.6147942; 17.1269455; 1.5456320; 1.6721548; 0.0000354; 10.6932477; 4.4985322
466.8147149; 16.9280062; 1.5253978; 1.6721621; 0.0000377; 10.7770239; 4.5336384
467.0146355; 16.7290437; 1.5051596; 1.6721699; 0.0000401; 10.8608002; 4.5687447
467.2145562; 16.5300628; 1.4849180; 1.6721782; 0.0000425; 10.9445764; 4.3167738
467.4144768; 16.3311650; 1.4646835; 1.6721821; -0.0000066; 11.0231474; 4.3253783
467.6143975; 16.1322650; 1.4444489; 1.6721755; -0.0000596; 11.1013172; 4.3559430
467.8143181; 15.9333598; 1.4242163; 1.6721583; -0.0001126; 11.1794870; 4.3865077
468.0142387; 15.7344536; 1.4039880; 1.6721305; -0.0001656; 11.2576568; 4.4170724
468.2141594; 15.5355508; 1.3837668; 1.6720921; -0.0002186; 11.3358266; 4.4476372
468.4140800; 15.3366555; 1.3635551; 1.6720431; -0.0002717; 11.4139964; 4.4782019
468.6140007; 15.1377722; 1.3433555; 1.6719835; -0.0003248; 11.4921661; 4.1332029
468.8139213; 14.9388642; 1.3231665; 1.6719116; -0.0004216; 11.5638449; 3.5234949
469.0138420; 14.7399059; 1.3029896; 1.6718102; -0.0005920; 11.6246009; 3.5419587
469.2137626; 14.5409655; 1.2828382; 1.6716748; -0.0007624; 11.6853570; 3.5604225
469.4136833; 14.3420419; 1.2627192; 1.6715053; -0.0009329; 11.7461131; 3.5788863
469.6136039; 14.1431345; 1.2426394; 1.6713018; -0.0011035; 11.8068691; 3.5973502
469.8135246; 13.9442424; 1.2226053; 1.6710641; -0.0012742; 11.8676252; 3.6158140
470.0134452; 13.7453648; 1.2026239; 1.6707924; -0.0014449; 11.9283813; 3.6342778
470.2133659; 13.5465009; 1.1827019; 1.6704865; -0.0016158; 11.9891373; 0.6517024
470.4132865; 13.3475322; 1.1628340; 1.6701520; -0.0017178; 11.9999996; -0.0000001
470.6132072; 13.1485501; 1.1430338; 1.6697998; -0.0018049; 11.9999996; -0.0000001
470.8131278; 12.9495794; 1.1233073; 1.6694302; -0.0018920; 11.9999996; -0.0000001
471.0130485; 12.7506195; 1.1036578; 1.6690432; -0.0019791; 11.9999996; -0.0000001
471.2129691; 12.5516697; 1.0840887; 1.6686389; -0.0020663; 11.9999996; -0.0000001
471.4128898; 12.3527291; 1.0646036; 1.6682171; -0.0021535; 11.9999996; -0.0000001
471.6128104; 12.1537973; 1.0452058; 1.6677780; -0.0022407; 11.9999996; -0.0000001
471.8127311; 11.9548394; 1.0258953; 1.6673220; -0.0023037; 11.9999996; -0.0000000
472.0126517; 11.7557997; 1.0066693; 1.6668614; -0.0023028; 11.9999996; -0.0000000
472.2125724; 11.5567669; 0.9875364; 1.6664011; -0.0023020; 11.9999996; -0.0000000
472.4124930; 11.3577408; 0.9684965; 1.6659409; -0.0023011; 11.9999996; -0.0000000
472.6124137; 11.1587209; 0.9495497; 1.6654810; -0.0023002; 11.9999996; -0.0000000
472.8123343; 10.9597071; 0.9306958; 1.6650213; -0.0022993; 11.9999996; -0.0000000
473.0122550; 10.7606988; 0.9119347; 1.6645618; -0.0022983; 11.9999996; -0.0000000
473.2121756; 10.5616958; 0.8932663; 1.6641025; -0.0022974; 11.9999996; 0.0000000
473.4120963; 10.3626240; 0.8746836; 1.6636455; -0.0022659; 11.9999996; 0.0000000
473.6120169; 10.1635301; 0.8561898; 1.6631967; -0.0022234; 11.9999996; 0.0000000
473.8119376; 9.9644407; 0.8377857; 1.6627564; -0.0021809; 11.9999996; 0.0000000
474.0118582; 9.7653554; 0.8194695; 1.6623246; -0.0021383; 11.9999996; 0.0000000
474.2117789; 9.5662741; 0.8012395; 1.6619014; -0.0020957; 11.9999996; 0.0000000
474.4116995; 9.3671966; 0.7830940; 1.6614867; -0.0020530; 11.9999996; 0.0000000
474.6116202; 9.1681226; 0.7650311; 1.6610806; -0.0020104; 11.9999996; 0.0000000
474.8115408; 8.9690368; 0.7470478; 1.6606831; -0.0019644; 11.9999996; 0.0000000
475.0114615; 8.7698923; 0.7291380; 1.6602963; -0.0019048; 11.9999996; 0.0000000
475.2113821; 8.5707507; 0.7113050; 1.6599214; -0.0018451; 11.9999996; 0.0000000
475.4113028; 8.3716119; 0.6935462; 1.6595585; -0.0017855; 11.9999996; 0.0000000
475.6112234; 8.1724755; 0.6758593; 1.6592075; -0.0017258; 11.9999996; 0.0000000
475.8111440; 7.9733414; 0.6582418; 1.6588684; -0.0016661; 11.9999996; 0.0000000
476.0110647; 7.7742095; 0.6406914; 1.6585413; -0.0016064; 11.9999996; 0.0000000
476.2109853; 7.5750796; 0.6232056; 1.6582262; -0.0015466; 11.9999996; 0.0000000
476.4109060; 7.3759164; 0.6057789; 1.6579230; -0.0014862; 11.9999996; 0.0000000
476.6108266; 7.1767369; 0.5884104; 1.6576319; -0.0014256; 11.9999996; 0.0000000
476.8107473; 6.9775587; 0.5710992; 1.6573530; -0.0013649; 11.9999996; 0.0000000
477.0106679; 6.7783818; 0.5538429; 1.6570862; -0.0013042; 11.9999996; 0.0000000
477.2105886; 6.5792059; 0.5366390; 1.6568315; -0.0012435; 11.9999996; 0.0000000
477.4105092; 6.3800307; 0.5194851; 1.6565890; -0.0011827; 11.9999996; 0.0000000
477.6104299; 6.1808563; 0.5023786; 1.6563586; -0.0011220; 11.9999996; 0.0000000
477.8103505; 5.9816784; 0.4853169; 1.6561404; -0.0010622; 11.9999996; 0.0000000
478.0102712; 5.7824752; 0.4682956; 1.6559333; -0.0010094; 11.9999996; 0.0000000
478.2101918; 5.5832719; 0.4513149; 1.6557368; -0.0009565; 11.9999996; 0.0000000
478.4101125; 5.3840685; 0.4343725; 1.6555509; -0.0009036; 11.9999996; 0.0000000
478.6100331; 5.1848646; 0.4174662; 1.6553755; -0.0008507; 11.9999996; 0.0000000
478.8099538; 4.9856600; 0.4005941; 1.6552107; -0.0007977; 11.9999996; 0.0000000
479.0098744; 4.7864545; 0.3837539; 1.6550566; -0.0007448; 11.9999996; 0.0000000
479.2097951; 4.5872479; 0.3669434; 1.6549129; -0.0006919; 11.9999996; -0.0000000
479.4097157; 4.3880364; 0.3501603; 1.6547795; -0.0006459; 11.9999996; -0.0000000
479.6096364; 4.1888208; 0.3334028; 1.6546545; -0.0006046; 11.9999996; -0.0000000
479.8095570; 3.9896033; 0.3166694; 1.6545378; -0.0005633; 11.9999996; -0.0000000
480.0094777; 3.7903837; 0.2999583; 1.6544293; -0.0005220; 11.9999996; -0.0000000
480.2093983; 3.5911616; 0.2832681; 1.6543290; -0.0004807; 11.9999996; -0.0000000
480.4093190; 3.3919369; 0.2665968; 1.6542370; -0.0004394; 11.9999996; -0.0000000
480.6092396; 3.1927092; 0.2499430; 1.6541533; -0.0003981; 11.9999996; -0.0000000
480.8091603; 2.9934794; 0.2333049; 1.6540779; -0.0003575; 11.9999996; -0.0000000
481.0090809; 2.7942621; 0.2166823; 1.6540094; -0.0003272; 11.9999996; -0.0000000
481.2090016; 2.5950411; 0.2000725; 1.6539470; -0.0002969; 11.9999996; -0.0000000
481.4089222; 2.3958159; 0.1834742; 1.6538907; -0.0002666; 11.9999996; -0.0000000
481.6088429; 2.1965864; 0.1668863; 1.6538405; -0.0002362; 11.9999996; -0.0000000
481.8087635; 1.9973521; 0.1503075; 1.6537963; -0.0002059; 11.9999996; -0.0000000
482.0086842; 1.7981127; 0.1337365; 1.6537581; -0.0001756; 11.9999996; -0.0000000
482.2086048; 1.5988681; 0.1171721; 1.6537261; -0.0001453; 11.9999996; -0.0000000
482.4085255; 1.3996393; 0.1006148; 1.6536999; -0.0001172; 11.9999996; 0.0000000
482.6084461; 1.2004235; 0.0840633; 1.6536791; -0.0000910; 11.9999996; 0.0000000
482.8083668; 1.0012015; 0.0675150; 1.6536635; -0.0000649; 11.9999996; 0.0000000
483.0082874; 0.8019727; 0.0509687; 1.6536532; -0.0000387; 11.9999996; 0.0000000
483.2082081; 0.6027370; 0.0344234; 1.6536480; -0.0000126; 11.9999996; 0.0000000
483.4081287; 0.4034940; 0.0178779; 1.6536481; 0.0000136; 11.9999996; 0.0000000
483.6080494; 0.2042433; 0.0013313; 1.6536535; 0.0000397; 11.9999996; -0.0000524
483.8079700; 0.0049846; -0.0152175; 1.6536640; 0.0000658; 11.9999988; 0.0000070
